0, 0, 0, 0, 0, 0, 0, 0, 0, 0.939008, 0.498388, 0, 0,
286.138, 141.742, 89.9267, 0, 0, 0, 0, 0, 0, 0, 0, 0, 0,
0, 0, 0, 43.245, 24.4635, 13.7996, 7.60067, 4.0366, 2.15623, 0, 0, 0, 0,
0, 0, 0, 43.245, 24.4635, 13.7996, 7.60067, 4.0366, 2.15623, 0, 0, 0, 0,
286.138, 141.742, 89.9267, 0, 0, 0, 0, 0, 0, 0, 0, 0, 0,
299.168, 148.845, 94.3433, 0, 0, 0, 0, 0, 0, 0, 0, 0, 0,
0, 0, 0, 46.1391, 26.7516, 15.186, 8.09345, 3.80168, 2.08847, 0, 0, 0, 0,
0, 0, 0, 46.1391, 26.7516, 15.186, 8.09345, 3.80168, 2.08847, 0, 0, 0, 0,
299.168, 148.845, 94.3433, 0, 0, 0, 0, 0, 0, 0, 0, 0, 0,
309.653, 153.076, 99.3734, 0, 0, 0, 0, 0, 0, 0, 0, 0, 0,
309.653, 153.076, 99.3734, 0, 0, 0, 0, 0, 0, 0, 0, 0, 0,
0, 0, 0, 48.6647, 27.2274, 15.3465, 8.44659, 4.10717, 2.13192, 0, 0, 0, 0,
0, 0, 0, 48.6647, 27.2274, 15.3465, 8.44659, 4.10717, 2.13192, 0, 0, 0, 0,
0, 0, 0, 0, 0, 0, 0, 0, 0, 1.14379, 0.574608, 0, 0,
0, 0, 0, 0, 0, 0, 0, 0, 0, 1.14379, 0.574608, 0, 0,
311.192, 154.528, 98.3736, 0, 0, 0, 0, 0, 0, 0, 0, 0, 0,
0, 0, 0, 47.5932, 26.05, 14.8529, 8.01521, 3.96139, 2.02754, 0, 0, 0, 0,
0, 0, 0, 47.5932, 26.05, 14.8529, 8.01521, 3.96139, 2.02754, 0, 0, 0, 0,
311.192, 154.528, 98.3736, 0, 0, 0, 0, 0, 0, 0, 0, 0, 0,
315.82, 155.541, 98.6399, 0, 0, 0, 0, 0, 0, 0, 0, 0, 0,
315.82, 155.541, 98.6399, 0, 0, 0, 0, 0, 0, 0, 0, 0, 0,
0, 0, 0, 49.8483, 27.0954, 15.4775, 8.24833, 3.81935, 2.03587, 0, 0, 0, 0,
0, 0, 0, 49.8483, 27.0954, 15.4775, 8.24833, 3.81935, 2.03587, 0, 0, 0, 0,
323.863, 159.701, 101.451, 0, 0, 0, 0, 0, 0, 0, 0, 0, 0,
323.863, 159.701, 101.451, 0, 0, 0, 0, 0, 0, 0, 0, 0, 0,
0, 0, 0, 0, 0, 0, 0, 0, 0, 1.00552, 0.560784, 0, 0,
0, 0, 0, 0, 0, 0, 0, 0, 0, 1.00552, 0.560784, 0, 0,
342.626, 172.507, 109.598, 0, 0, 0, 0, 0, 0, 0, 0, 0, 0,
0, 0, 0, 52.1407, 29.0777, 16.3273, 8.31335, 4.12624, 2.29391, 0, 0, 0, 0,
0, 0, 0, 52.1407, 29.0777, 16.3273, 8.31335, 4.12624, 2.29391, 0, 0, 0, 0,
342.626, 172.507, 109.598, 0, 0, 0, 0, 0, 0, 0, 0, 0, 0,
0, 0, 0, 0, 0, 0, 0, 0, 0, 0, 0, 0, 0,
0, 0, 0, 0, 0, 0, 0, 0, 0, 0, 0, 0, 0,
351.065, 179.929, 117.536, 0, 0, 0, 0, 0, 0, 0, 0, 0, 0,
0, 0, 0, 57.861, 31.567, 17.16, 10.9879, 5.78912, 3.48708, 0, 0, 0, 0,
0, 0, 0, 57.861, 31.567, 17.16, 10.9879, 5.78912, 3.48708, 0, 0, 0, 0,
351.065, 179.929, 117.536, 0, 0, 0, 0, 0, 0, 0, 0, 0, 0,
375.934, 190.996, 124.543, 0, 0, 0, 0, 0, 0, 0, 0, 0, 0,
375.934, 190.996, 124.543, 0, 0, 0, 0, 0, 0, 0, 0, 0, 0,
0, 0, 0, 0, 0, 0, 0, 0, 0, 7.88487, 6.48276, 0, 0,
0, 0, 0, 61.5724, 34.3432, 20.4474, 34.5171, 25.8091, 20.1974, 0, 0, 0, 0,
0, 0, 0, 61.5724, 34.3432, 20.4474, 34.5171, 25.8091, 20.1974, 0, 0, 0, 0,
0, 0, 0, 0, 0, 0, 0, 0, 0, 7.88487, 6.48276, 0, 0,
0, 0, 0, 0, 0, 0, 0, 0, 0, 0, 0, 0, 0,
0, 0, 0, 95.7247, 67.4552, 50.8208, 0, 0, 0, 0, 0, 0, 0,
0, 0, 0, 95.7247, 67.4552, 50.8208, 0, 0, 0, 0, 0, 0, 0,
402.02, 224.455, 157.205, 0, 0, 0, 0, 0, 0, 0, 0, 0, 0,
402.02, 224.455, 157.205, 0, 0, 0, 0, 0, 0, 0, 0, 0, 0,
