2234.26, 0, 0, 0, 0, 0, 0, 0, 0, 0, 0, 0, 0, 
8828.8, 0, 0, 0, 0, 0, 0, 0, 0, 0, 0, 0, 0, 
0, 0, 0, 0, 0, 0, 0, 0, 0, 0, 73.2154, 31.2306, 0, 
0, 0, 0, 0, 0, 0, 0, 0, 0, 0, 73.2154, 31.2306, 0, 
0, 0, 0, 0, 0, 0, 0, 222.025, 114.558, 81.7873, 0, 0, 0,  
0, 0, 0, 0, 0, 0, 0, 222.025, 114.558, 81.7873, 0, 0, 0,  
761.654, 366.575, 267.739, 0, 0, 0, 0, 0, 0, 0, 0, 0, 0, 
761.654, 366.575, 267.739, 0, 0, 0, 0, 0, 0, 0, 0, 0, 0, 
0, 0, 0, 150.118, 108.932, 82.9992, 60.5312, 60.5312, 0, 0, 0, 0, 0, 
0, 0, 0, 150.118, 108.932, 82.9992, 60.5312, 60.5312, 0, 0, 0, 0, 0, 
626.628, 294.619, 190.086, 0, 0, 0, 0, 0, 0, 0, 0, 0, 0, 
626.628, 294.619, 190.086, 0, 0, 0, 0, 0, 0, 0, 0, 0, 0, 
334.854, 0, 0, 0, 0, 0, 0, 0, 0, 0, 0, 0, 0, 
703.077, 0, 0, 0, 0, 0, 0, 0, 0, 0, 0, 0, 0, 
0, 0, 0, 84.4128, 49.2923, 30.4167, 18.1943, 18.1943, 0, 0, 0, 0, 0, 
0, 0, 0, 84.4128, 49.2923, 30.4167, 18.1943, 18.1943, 0, 0, 0, 0, 0, 
0, 0, 0, 0, 0, 0, 0, 0, 15.8868, 10.3103, 6.06665, 3.97422, 0, 
0, 0, 0, 0, 0, 0, 0, 0, 15.8868, 10.3103, 6.06665, 3.97422, 0, 
0, 0, 0, 0, 0, 0, 0, 0, 0, 0, 0, 0, 0, 
0, 0, 0, 0, 0, 0, 0, 0, 0, 0, 0, 0, 0, 
384.839, 194.075, 123.564, 0, 0, 0, 0, 0, 0, 0, 0, 0, 0, 
384.839, 194.075, 123.564, 0, 0, 0, 0, 0, 0, 0, 0, 0, 0, 
0, 0, 0, 46.3482, 25.9532, 15.0179, 8.34238, 8.34238, 0, 0, 0, 0, 0, 
0, 0, 0, 46.3482, 25.9532, 15.0179, 8.34238, 8.34238, 0, 0, 0, 0, 0, 
0, 0, 0, 0, 0, 0, 0, 0, 0, 0, 0, 0, 0, 
0, 0, 0, 0, 0, 0, 0, 0, 0, 0, 0, 0, 0, 
0, 0, 0, 0, 0, 0, 0, 0, 0, 0, 0, 0, 0, 
0, 0, 0, 0, 0, 0, 0, 0, 0, 0, 0, 0, 0, 
148.217, 82.5254, 52.8208, 0, 0, 0, 0, 0, 0, 0, 0, 0, 0, 
148.217, 82.5254, 52.8208, 0, 0, 0, 0, 0, 0, 0, 0, 0, 0, 
0, 0, 0, 0, 0, 0, 0, 0, 0, 0, 0, 0, 0, 
0, 0, 0, 0, 0, 0, 0, 0, 0, 0, 0, 0, 0, 
0, 0, 0, 17.8726, 9.89159, 5.87207, 3.38817, 3.38817, 0, 0, 0, 0, 0, 
0, 0, 0, 17.8726, 9.89159, 5.87207, 3.38817, 3.38817, 0, 0, 0, 0, 0, 
0, 0, 0, 0, 0, 0, 0, 0, 0, 0, 0, 0, 0, 
0, 0, 0, 0, 0, 0, 0, 0, 0, 0, 0, 0, 0, 
0, 0, 0, 0, 0, 0, 0, 0, 2.38235, 1.66494, 1.04834, 0.705717, 0, 
0, 0, 0, 0, 0, 0, 0, 0, 2.38235, 1.66494, 1.04834, 0.705717, 0, 
0, 0, 0, 0, 0, 0, 0, 0, 0, 0, 0, 0, 0, 
0, 0, 0, 0, 0, 0, 0, 0, 0, 0, 0, 0, 0, 
43.7551, 24.5166, 16.0689, 0, 0, 0, 0, 0, 0, 0, 0, 0, 0, 
43.7551, 24.5166, 16.0689, 0, 0, 0, 0, 0, 0, 0, 0, 0, 0, 
0, 0, 0, 8.70416, 6.83222, 5.39632, 3.92289, 3.92289, 0, 0, 0, 0, 0, 
0, 0, 0, 8.70416, 6.83222, 5.39632, 3.92289, 3.92289, 0, 0, 0, 0, 0, 
0, 0, 0, 0, 0, 0, 0, 0, 0, 0, 0, 0, 0, 
0, 0, 0, 0, 0, 0, 0, 0, 0, 0, 0, 0, 0, 
0, 0, 0, 0, 0, 0, 0, 0, 0, 0, 0, 0, 0, 
0, 0, 0, 0, 0, 0, 0, 0, 0, 0, 0, 0, 0,
