198     204
200     202
206     208
1285    1286
1288    1289
1287    1290
1298    1300
1304    1306
1302    1308
1711    1713
1800    1802
1798    1804
1807    1809
1945    1947
1953    1955
1978    1979
1984    1987
1982    1989
2229    2231
2226    2234
2221    2224
2276    2277
2283    2286
2281    2288
2291    2292
2297    2300
2295    2302
2367    2369
2375    2377
2372    2380
2384    2387
2392    2394
2389    2396
2485    2488
2493    2495
2490    2498
2663    2666
2671    2674
2668    2676
2743    2746
2751    2753
2748    2756
2800    2802
2807    2809
2803    2812
2897    2899
2905    2907
2902    2909
2994    2997
3002    3004
2999    3007
3028    3030
3037    3039
3034    3042
3064    3067
3072    3074
3069    3077
3163    3165
3171    3173
3168    3176
3284    3286
3292    3294
3289    3297
3359    3361
3367    3369
3364    3372
3460    3463
3468    3470
3465    3473
3525    3527
3533    3535
3530    3538
3604    3605
3607    3608
3606    3609
3733    3735
3730    3738
3740    3743
3769    3772
3767    3775
3777    3780
4060    4062
4068    4071
4057    4065
4072    4073
4158    4160
4155    4163
4165    4168
4296    4299
4294    4302
4304    4307
4312    4314
4309    4317
4319    4322
4387    4389
4384    4391
4394    4397
4422    4424
4419    4426
4429    4431
4476    4479
4474    4482
4484    4487
4513    4515
4510    4518
4520    4523
4588    4591
4586    4593
4596    4599
4666    4668
4663    4671
4673    4676
4716    4719
4714    4721
4724    4727
4821    4828
4823    4826
4830    4833
4878    4881
4876    4884
4886    4889
4976    4978
4973    4981
4983    4986
5011    5014
5009    5017
5019    5022
5087    5088
5084    5092
5138    5141
5136    5144
5146    5149
5197    5199
5194    5202
5205    5206
5270    5273
5268    5275
5277    5280
5345    5347
5342    5350
5352    5356
5480    5482
5478    5484
5487    5489
5616    5618
5614    5621
5624    5626
5691    5693
5698    5702
5689    5696
5776    5778
5774    5781
5783    5786
5810    5813
5808    5815
5818    5821
5908    5909
5905    5913
5915    5918
5941    5944
5940    5947
5949    5952
5987    5989
5985    5992
5994    5998
6085    6088
6084    6091
6093    6096
6161    6163
6158    6166
6168    6171
6197    6198
6203    6206
6194    6200
6251    6253
6249    6256
6258    6261
6306    6307
6303    6310
6314    6316
6340    6343
6338    6345
6347    6350
6605    6608
6603    6610
6612    6615
6622    6624
6620    6627
9064    9066
9056    9059
9053    9062
9158    9160
9155    9163
9152    9165
9278    9280
9278    9289
9276    9283
9273    9286
9391    9394
9388    9396
9385    9398
9823    9826
9820    9828
9818    9831
9838    9841
9836    9843
9833    9845
9810    9811
9809    9813
9808    9814
9763    9764
9761    9765
9759    9767
9683    9686
9681    9687
9678    9690
9666    9669
9664    9671
9661    9674
9447    9465
9456    9458
9449    9462
9451    9462
9453    9462
9578    9597
9580    9595
9586    9589
9586    9592
9900    9904
9892    9897
9907    9910
9905    9913
9915    9922
9917    9919
9971    9979
9974    9976
9981    9987
9983    9985
10094   10100
10096   10098
10084   10092
10087   10089
10390   10391
10389   10392
10393   10396
10394   10395
10400   10404
10397   10405
10410   10411
10408   10413
10418   10419
10415   10421
10425   10427
10424   10430
10587   10590
11050   11062
11055   11057
11053   11060
10627   10629
10624   10631
10620   10634
10605   10606
10601   10609
10596   10611
10598   10611
10576   10591
10584   10591
10574   10594
