198
200
202
204
206
208
1285
1286
1287
1288
1289
1290
1298
1300
1302
1304
1306
1308
1313
1315
1318
1464
1466
1469
1559
1561
1564
1599
1601
1604
1671
1673
1674
1677
1711
1713
1716
1722
1798
1800
1802
1804
1807
1809
1945
1947
1951
1953
1955
1978
1979
1982
1984
1987
1989
2221
2224
2226
2229
2231
2234
2276
2277
2281
2283
2286
2288
2291
2292
2295
2297
2300
2302
2367
2369
2372
2375
2377
2380
2384
2387
2389
2392
2394
2396
2485
2488
2490
2493
2495
2498
2663
2666
2668
2671
2674
2676
2743
2746
2748
2751
2753
2756
2800
2802
2803
2807
2809
2812
2897
2899
2902
2905
2907
2909
2994
2997
2999
3002
3004
3007
3028
3030
3034
3037
3039
3042
3064
3067
3069
3072
3074
3077
3163
3165
3168
3171
3173
3176
3284
3286
3289
3292
3294
3297
3359
3361
3364
3367
3369
3372
3460
3463
3465
3468
3470
3473
3525
3527
3530
3533
3535
3538
3604
3605
3606
3607
3608
3609
3730
3733
3735
3738
3740
3743
3767
3769
3772
3775
3777
3780
4057
4060
4062
4065
4068
4071
4072
4073
4155
4158
4160
4163
4165
4168
4294
4296
4299
4302
4304
4307
4309
4312
4314
4317
4319
4322
4384
4387
4389
4391
4394
4397
4419
4422
4424
4426
4429
4431
4474
4476
4479
4482
4484
4487
4510
4513
4515
4518
4520
4523
4586
4588
4591
4593
4596
4599
4663
4666
4668
4671
4673
4676
4714
4716
4719
4721
4724
4727
4821
4823
4826
4828
4830
4833
4876
4878
4881
4884
4886
4889
4973
4976
4978
4981
4983
4986
5009
5011
5014
5017
5019
5022
5084
5087
5088
5092
5094
5136
5138
5141
5144
5146
5149
5194
5197
5199
5202
5205
5206
5268
5270
5273
5275
5277
5280
5342
5345
5347
5350
5352
5356
5478
5480
5482
5484
5487
5489
5614
5616
5618
5621
5624
5626
5689
5691
5693
5696
5698
5702
5774
5776
5778
5781
5783
5786
5808
5810
5813
5815
5818
5821
5905
5908
5909
5913
5915
5918
5940
5941
5944
5947
5949
5952
5985
5987
5989
5992
5994
5998
6084
6085
6088
6091
6093
6096
6158
6161
6163
6166
6168
6171
6194
6197
6198
6200
6203
6206
6249
6251
6253
6256
6258
6261
6303
6306
6307
6310
6314
6316
6338
6340
6343
6345
6347
6350
6603
6605
6608
6610
6612
6615
6620
6622
6624
6627
6629
9051
9053
9056
9059
9062
9064
9066
9152
9155
9158
9160
9163
9165
9273
9276
9278
9280
9283
9286
9289
9385
9388
9391
9394
9396
9398
9447
9449
9451
9453
9456
9458
9460
9462
9465
9578
9580
9583
9586
9589
9592
9593
9595
9597
9661
9664
9666
9669
9671
9674
9678
9681
9683
9686
9687
9690
9759
9761
9763
9764
9765
9767
9808
9809
9810
9811
9813
9814
9818
9820
9823
9826
9828
9831
9833
9836
9838
9841
9843
9845
9892
9895
9897
9900
9902
9904
9905
9907
9910
9913
9915
9917
9919
9922
9971
9974
9976
9979
9981
9983
9985
9987
10084
10087
10089
10092
10094
10096
10098
10100
10389
10390
10391
10392
10393
10394
10395
10396
10397
10400
10404
10405
10408
10410
10411
10413
10415
10418
10419
10421
10424
10425
10427
10430
10574
10576
10584
10587
10590
10591
10594
10596
10598
10601
10605
10606
10609
10611
10620
10624
10627
10629
10631
10634
11050
11053
11055
11057
11060
11062
