10 06 09 1295   0 0 0
         1296
         1291
         1294
         1293
         1292
25 06 09 1316   1 1 0
         1311
         1319
            0
            0
            0
22 10 09 1801   1 1 0
         1805
         1796
            0
            0
            0
12 11 09 1981   1 1 0
         1991
         1976
            0
            0
            0
11 02 10    0   1 1 0
            0
         2399
         2391
         2386
            0
11 03 10 2500   1 1 0
         2501
         2486
         2499
         2496
         2491
20 05 10 2749   1 1 0
         2754
         2744
            0
            0
            0
27 06 10 2903   1 1 0
         2908
         2900
            0
            0
            0
25 07 10 3035   1 0 0
         3040
         3032
            0
            0
            0
03 08 10    0   1 1 0
            0
            0
         3070
         3065
         3075
02 09 10 3170   1 1 0
         3174
         3166
            0
            0
            0
09 10 10    0   1 1 0
            0
            0
         3290
         3287
         3295
03 11 10 3365   1 1 0
         3370
         3362
            0
            0
            0
02 12 10    0   1 1 0
            0
            0
         3466
         3461
         3471
18 02 11 3770   1 1 0
         3773
         3778
            0
            0
            0	     
14 04 11    0   1 1 0
            0
            0
         4069
         4064
         4059
12 05 11 4156   1 1 0
         4161        
         4166        
            0        
            0        
            0        
18 06 11    0   1 1 0
            0        
            0        
         4305    
         4300        
         4297        
23 06 11 4310   1 1 0
         4315
         4320
            0
            0
            0
09 07 11    0   1 1 0
            0
            0
         4395
         4392
         4385
19 07 11 4420   1 1 0
         4427
         4432
            0
            0
            0
01 08 11    0   1 1 0
            0
            0
         4485
         4480
         4477
11 08 11 4511   1 1 0
         4516
         4521
            0
            0
            0
17 09 11 4664   1 1 0
         4669
         4674
            0
            0
            0
04 10 11    0   1 1 0
            0
            0
         4726
         4722
         4717
31 10 11 4824   1 1 0
         4827
         4831
            0
            0
            0
11 11 11    0   1 1 0
            0
            0
         4887
         4883
         4879
25 11 11 4974   1 1 0
         4979
         4984
            0
            0
            0
07 12 11    0   1 1 0
            0
            0
         5020
         5016
         5012
12 01 12 5085   0 0 0
         5090
         5093
            0
            0
            0
21 01 12    0   0 0 0
            0
            0
         5147
         5142
         5137
03 02 12 5195   0 0 0
         5200
         5203
            0
            0
            0
01 03 12    0   0 0 0
            0
            0
         5281
         5278
         5272
18 03 12 5344   1 1 0
         5349
         5354
            0
            0
            0
28 04 12    0   1 1 0
            0
            0
         5492
         5490
         5485
18  6 12 5615   1 1 0
         5619
         5623
            0
            0
            0
 9  7 12    0   1 1 0
            0
            0
         5699
         5695
         5690
 5  8 12 5775   1 1 0
         5780
         5785
            0
            0
            0
14  8 12    0   1 1 0
            0
            0
         5819
         5816
         5811
11  9 12 5906   1 1 0
         5911
         5916
            0
            0
            0
21  9 12    0   1 1 0
            0
            0
         5950
         5946
         5942
10 10 12 5986   1 1 0
         5991
         5996
            0
            0
            0
 6 11 12    0   1 1 0
            0
            0
         6095
         6090
         6086
28 11 12 6160   0 0 0
         6165
         6170
            0
            0
            0
 7 12 12    0   1 1 0
            0
            0
         6207
         6202
         6195
11 01 13    0   1 1 0
            0
            0
         6352
         6349
         6342
 6 02 13 6556   1 1 0
         6558
         6561
            0
            0
            0
10 02 13 6618   1 1 0
            0
            0
         6616
         6613
         6607
26 07 14 9061 -1 -1 0
         9065
         9054
         9071
         9070
         9054
16 08 14 9161 -1 -1 0
         9166
         9157
         9171
         9170
         9157
 1 11 14 9274 -1 -1 0
         9279
            0
         9291
            0
            0
 7  2 15 9387 -1 -1 0
         9390
            0
            0
            0
            0
 8  2 15    0 -1 -1 0
            0
         9404
         9400
         9397
         9403
25 2 15  9459 -1 -1 0
         9463
         9455
         9469
         9468
         9448
24 3 15  9588  1  1 0
         9591
         9579
         9598
         9596
         9573
11 6 15  9672  1  1 0
         9675
         9667
         9677
         9676
         9663
17  7 15 9688  1  1 0
         9692
         9684
         9695
         9693
         9680
27  8 15    0  1  1 0
            0
            0
         9769
         9766
         9762
 3 11 15 9812  1  1 0
         9815
         9816
            0
            0
            0
11 11 15    0  0  0 0
            0
            0
         9829
         9824
         9821
 9 12 15 9834  1  1 0
         9839
         9844
            0
            0
            0
19  3 16 9891 -1 -1 0
         9894
         9899
            0
            0
            0
 2  4 16 9920  1  1 0
         9923
         9924
         9916
         9911
         9908
15  4 16 9973  1  1 0
         9977
         9982
            0
            0
            0
24  5 16 10086 1  1 0
         10090
         10095
             0
             0
             0
19 12 16     0 0  0 0
             0
             0
             0
             0
             0
25  2 17 10399 -1 -1 0
         10402
         10407
             0
             0
             0
 6  3 17 10417 -1 -1 0
         10422
         10428
             0
             0
             0
10  2 18 10610 -1 -1 0
         10614
         10607
         10619
         10617
         10600
17  2 18 10622  -1 -1 0
         10626
         10630
         10622
         10626
         10630
