209
210
211
212
213
214
1279
1280
1281
1282
1283
1284
1291
1292
1293
1294
1295
1296
1311
1316
1319
1462
1470
1557
1562
1565
1597
1602
1605
1669
1675
1678
1709
1714
1719
1721
1796
1801
1805
1943
1948
1952
1976
1981
1986
1991
2222
2227
2232
2235
2236
2237
2238
2274
2279
2284
2289
2294
2299
2371
2374
2379
2382
2383
2386
2391
2398
2399
2400
2486
2491
2496
2499
2500
2501
2664
2669
2672
2744
2749
2754
2798
2805
2810
2900
2903
2908
2995
3000
3005
3032
3035
3040
3065
3070
3075
3166
3170
3174
3287
3290
3295
3362
3365
3370
3461
3466
3471
3528
3532
3537
3616
3617
3618
3619
3620
3621
3731
3736
3741
3770
3773
3778
4059
4064
4069
4156
4161
4166
4297
4300
4305
4310
4315
4320
4385
4392
4395
4420
4427
4432
4477
4480
4485
4511
4516
4521
4589
4594
4597
4664
4669
4674
4717
4722
4726
4824
4827
4831
4879
4883
4887
4974
4979
4984
5012
5016
5020
5085
5090
5093
5137
5142
5147
5150
5151
5152
5195
5200
5203
5272
5278
5281
5344
5349
5354
5485
5490
5492
5615
5619
5623
5690
5695
5699
5775
5780
5785
5811
5816
5819
5906
5911
5916
5942
5946
5950
5986
5991
5996
6086
6090
6095
6160
6165
6170
6195
6202
6207
6250
6255
6260
6305
6309
6342
6349
6352
6556
6558
6561
6607
6613
6616
6618
6621
6626
9054
9057
9061
9065
9067
9068
9069
9070
9071
9153
9157
9161
9166
9168
9169
9170
9171
9274
9279
9282
9285
9288
9291
9292
9387
9390
9397
9400
9403
9404
9448
9455
9459
9463
9467
9468
9469
9572
9573
9575
9576
9579
9582
9585
9588
9591
9594
9596
9598
9663
9667
9672
9675
9676
9677
9680
9684
9688
9692
9693
9695
9762
9766
9769
9812
9815
9816
9821
9824
9829
9834
9839
9844
9891
9894
9899
9908
9911
9916
9920
9923
9924
9973
9977
9982
10086
10090
10095
10399
10402
10407
10417
10422
10428
10575
10579
10581
10586
10589
10593
10597
10600
10603
10607
10610
10614
10617
10619
10622
10626
10630
