0 0
1300019709148 0.027381
1300069467612 0.039022
1300083711360 0.065933
1300117777760 0.08101799999999999
1300228733840 0.110167
1300444861827 0.698067
1300478772285 0.704801
1300488367707 1.311508
1300527611093 2.685016
1300561238031 4.093865
1300596758768 5.382626999999999
1300640498636 9.212942
1300705592162 11.651952
1300760387506 14.715649
1300813973503 20.829183
1300857151023 21.010651
1300869260696 28.435968
1301014131630 28.458871999999996
1301042263945 28.491374
1301153059036 28.664102000000003
1301246213379 28.758651
1302689816639 29.884902
1302815815909 36.676983
1302863034286 39.401419
1302891086583 42.985839
1302958498012 44.828149
1302994913121 54.941053000000004
1303150919411 56.65266
1303166108566 62.689214
1303326099719 69.455377
1303365235724 79.243691
1303409937894 89.192227
1303448688470 93.62599
1303481871471 109.773077
1303537667859 133.72874299999998
1303620366994 133.978995
1303666988700 154.35803099999995
1303731683005 160.26852
1303757167787 167.95898400000002
1303828196580 180.059071
1303933776320 200.701591
1303975964599 202.243149
1304125405288 206.584467
1304145397764 236.314736
1304257329763 240.534162
1304286486125 257.030437
1304335640280 257.030437728776
1305443571838 257.158311728776
1305523559233 259.095015728776
1305622704057 262.466421728776
1305833959910 280.900894728776
1305870654784 283.21477572877603
1305934833374 302.127466728776
1305979268694 327.333955728776
1306041523830 331.780624728776
1306072300053 333.860976728776
1306092845824 345.496740728776
1306121616329 370.02232072877604
1306173332414 398.673652728776
1306232903521 409.864073728776
1306284616464 418.555947728776
1306515836897 425.060103728776
1306555296517 455.443733728776
1306606814966 460.91249772877603
1306651305801 498.5671857287761
1306697533450 530.784105728776
1306802685575 537.0686667287761
1306816351591 541.9600467287761
1306944091727 546.3060277287761
1306954150691 592.9113157287761
1307037706260 593.1447457287761
1307054763398 620.6161627287761
1307118774808 622.0757567287761
1307129171622 640.8370437287763
1307168219154 650.4776367287761
1307212067398 652.9643207287761
1307243870872 654.5820247287761
1307250269479 699.6161757287759
1307332375950 700.2109577287761
1307339196651 741.7845827287761
1307424988676 772.8216987287759
1307553003828 786.2010057287761
1307612075674 818.6155707287761
1307661105787 849.3752297287759
1307792065535 872.4547907287761
1307856280324 915.0760557287759
1307928495324 916.382097728776
1307955803651 945.724320728776
1307995213422 992.654171728776
1308188615139 1016.424847728776
1308259071713 1019.7510917287759
1308276738684 1045.042669728776
1308366909868 1048.215300728776
1308412262275 1095.930553728776
1308900675518 1107.195790728776
1308917792330 1152.566621728776
1309034129181 1155.056447728776
1309045626624 1163.547740728776
1309063519101 1164.697020728776
1309087893446 1172.0432587287762
1309126106702 1234.1401207287765
1309206847438 1280.7362747287766
1310529598624 1280.7427987287765
1310648089012 1280.8193697287766
1310664417589 1283.1968647287765
1310818600156 1292.7174627287766
1310858013469 1304.2462947287765
1310911682279 1316.8960647287765
1310936778176 1335.7363157287766
1310976023793 1336.9389407287765
1311010091958 1338.6586047287765
1311109263252 1343.9255377287766
1311134571443 1352.7668637287766
1311167227349 1399.0865327287765
1311319971815 1434.1815627287765
1311368983744 1476.4648567287766
1311420941973 1480.4704157287765
1311453091863 1489.9250757287766
1311470362247 1496.1330687287766
1311483431218 1500.4913187287766
1311535443520 1525.9723467287765
1311565013617 1538.9809647287766
1311619585158 1562.6185337287766
1311710307238 1576.1891267287765
1311769695911 1627.0263067287765
1311821192531 1641.5178107287766
1311889423252 1682.9852107287766
1311923261973 1710.3345277287765
1311972691229 1716.4612357287765
1312023219370 1722.9103867287765
1312063198927 1728.1266217287766
1312088038121 1735.0881087287767
1312104823116 1752.0588967287765
1312252763870 1789.3237117287765
1312290082059 1846.5524987287765
1312346547700 1937.3367277287769
1312431863942 1955.6999667287769
1312500345346 1958.108344728777
1312507195829 2058.822086728777
1312615975135 2140.2928537287767
1312696136293 2143.5592237287765
1312739311015 2220.487213728777
1312820104323 2306.7100527287766
1312907242626 2356.7736987287767
1313109009904 2387.0013117287767
1313162082975 2439.542122728777
1313525421851 2458.8671127287766
1313543662415 2485.3425657287767
1313567814508 2497.0980607287765
1313615342463 2532.886091728777
1313750980971 2576.9719557287767
1313960828054 2660.303600728777
1315394366650 2669.662380728777
1315427534093 2685.851054728777
1315455081730 2731.7209387287767
1315533475462 2742.849566728777
1315544412842 2760.565593728777
1315571735028 2813.1540087287767
1315618278619 2819.937765728777
1315648578693 2825.830472728777
1315820508275 2858.286430728777
1315858196455 2928.2578507287767
1315899041557 2960.859337728777
1315941438990 3077.415498728777
1316099877124 3135.501547728777
1316184132505 3210.449617728777
1316383889980 3286.539603728777
1316454253707 3289.960432728777
1316465510999 3297.189583728777
1316497833974 3374.638402728777
1316582604833 3444.417159728777
1316652733344 3496.6343337287767
1316689924064 3543.633538728777
1316735247465 3544.6745767287766
1316742268981 3564.4840357287767
1316787491495 3600.4978647287767
1316862172218 3641.0197107287768
1316885318189 3643.516818728777
1316903316737 3662.344360728777
1316950729647 3668.901947728777
1316959104290 3760.072164728777
1317015473207 3778.7875667287767
1317040994626 3822.001743728777
1317086928478 3840.9013517287767
1317168917158 3893.370988728777
1317247358475 3933.646947728777
1317312870775 4007.0271507287766
1317493800530 4109.2607667287775
1317553687390 4210.050171728778
1317658733762 4212.693204728778
1317668185775 4302.871128728778
1317723850146 4372.761662728778
1317951717427 4373.360718728778
1318027134026 4380.433808728778
1318043836586 4495.398987728778
1318136425883 4560.090461728778
1318193749997 4565.595798728778
1318206137581 4609.014660728778
1318233561095 4609.070212728778
1318380395059 4704.403475728778
1318462562531 4806.638491728778
1318534093828 4865.298035728778
1318627186479 4880.986792728778
1318646506925 4973.580081728778
1318706340285 4986.650547728778
1318726880267 5015.322538728778
1318745651629 5137.7662557287795
1318828145056 5150.76824672878
1318871165364 5192.57457872878
1319159941940 5192.57529872878
1319249268687 5202.8090737287785
1319262673517 5313.26223472878
1319327628414 5339.7063537287795
1319353320345 5435.37044072878
1319523832211 5435.858427728779
1319589784491 5470.27009272878
1319635835584 5472.0968737287785
1319670266998 5480.5045637287785
1319735706770 5531.392489728779
1319950097490 5558.101804728779
1319965077523 5599.8894477287795
1321067635147 5599.889447743018
1321122426632 5599.889447886476
1321275998142 5599.8894498896825
1321370420102 5599.8894565262135
1321445986023 5599.889459899991
1321517249117 5599.889464707341
1321558614297 5599.889469410805
1321593362306 5599.889473736565
1321624563731 5599.8894788388025
1321676438458 5599.889483385888
1321743421453 5599.889489100222
1321777891578 5599.889493550476
1321905741974 5599.889494051524
1321916571921 5599.889499844204
1321960017336 5599.889503165823
1321997494136 5599.889507649227
1322068919828 5599.889513138336
1322102123449 5599.889518854852
1322154952056 5599.889524537518
1322278339442 5599.889530115898
1322325846629 5599.889530994265
1322336363986 5599.889537389698
1322371237721 5599.8895436189205
1322416566270 5599.889550549842
1322487734674 5599.889552387893
1322683920054 5599.889558088411
1322733402353 5599.889561829433
1322770745106 5599.889567225293
1322818690809 5599.889569048292
1322844095798 5599.889574678322
1322896698849 5599.889578126261
1322939228479 5599.889584947986
1322975044121 5599.889588744406
1323007394435 5599.889594425096
1323039911304 5599.889600923594
1323074593895 5599.889607486341
1323191321564 5599.889609357799
1323208028688 5599.889610383014
1323226167344 5599.889612611198
1333570094272 5599.925079611197
1333585083039 5599.939179611198
1333612132196 5600.369979611198
1333641263740 5603.801742611197
1333707743513 5606.542018611198
1333746936249 5615.6740806111975
1333811526884 5616.961886611198
1333833772308 5626.468184611197
1333854937067 5637.270681611198
1333878083326 5641.667551611197
1333894583902 5695.907640611197
1333950343555 5735.632555611198
1334017238446 5756.565696611197
1334072885810 5790.692281611197
1334102252032 5808.981245611198
1334150136029 5853.902603611197
1334230819200 5901.167436611197
1334262838859 5945.078599611197
1334323742924 5951.073021611198
1334358556022 6035.437616611198
1334404170260 6110.079466611198
1334445884929 6121.267536611197
1334485047658 6197.781247611198
1334565516899 6197.810914611197
1334581194729 6198.000748611196
1334630576616 6198.053290611198
1334764550612 6271.426791611198
1334793656328 6316.320299611198
1334823450976 6356.206946611198
1334863291366 6471.967447611198
1335824218363 6472.266068611198
1335877205458 6476.055186611196
1335933663580 6502.163035611196
1335985713240 6532.104606611198
1336004928113 6539.408051611196
1336060548646 6592.175304611196
1336301030803 6618.776954611197
1336324824965 6632.844536611196
1336359088079 6673.134215611196
1336407495856 6762.727824611196
1336621633082 6768.354300611196
1336658012051 6774.959613611196
1336666408962 6820.5248986111965
1336723840216 6846.2666106111965
1336745067142 6852.148449611195
1336800012987 6972.006928611197
1336866297176 7033.478620611197
1336896189285 7095.508158611196
1336953983399 7195.169106611195
1336995763567 7290.836400611195
1337055578131 7360.504892611195
1337106448335 7426.2534086111955
1337137321674 7428.093022611195
1337210721224 7450.532547611195
1337222657311 7528.546891611195
1337319509652 7699.345676611195
1337395593327 7709.326915611195
1337417922478 7897.2981956111935
1337517534235 7975.9785896111935
1337551042991 8085.0244546111935
1337659815612 8297.549779611194
1337750122131 8309.287963611194
1337785187273 8401.768743611194
1337813454534 8428.517243611193
1337865426007 8452.832709611193
1337901272813 8617.732899611194
1337995909050 8749.975691611193
1338036174709 8777.196435611193
1338165950545 8896.598716611194
1338225277480 8946.779170611193
1338256606030 9022.93205561119
1338382089318 9055.70337661119
1338394291552 9121.250221611192
1338427574158 9271.713133611194
1338541712333 9439.930234611194
1338602107877 9677.252112611197
1338825956587 9766.438799611196
1338864165043 9798.446732611197
1338878039546 9956.568733611197
1338997930107 10157.939149611197
1339058878495 10210.791663611197
1339091461935 10372.876679611196
1339143111993 10375.347569611196
1339163947759 10413.186647611195
1339228121484 10613.061219611198
1339296893168 10809.2358206112
1339364898377 10810.556459611198
1339373052857 10821.7787526112
1339409725529 10870.8967216112
1339427489806 10896.7023846112
1339442929903 11016.677701611201
1339513079853 11158.905898611201
1339575371827 11333.654904611201
1339623740187 11401.4363896112
1339675673778 11441.823253611201
1339705787915 11629.6922246112
1339768938195 11834.2378416112
1339863777634 12069.914405611198
1339933637674 12136.333932611198
1339994803308 12187.4480456112
1341179058626 12189.854286611198
1341200334228 12228.4551246112
1341230839260 12236.435436611198
1341330721355 12308.5257246112
1341375279055 12411.489710611198
1341420911567 12559.175772611201
1341507507422 12560.246999611201
1341531351910 12568.251519611202
1341660484959 12721.6362626112
1341760750018 12743.1355746112
1341863301777 12743.163411611202
1341879696707 12743.178481611201
1341888724440 12743.178481647104
1342079714124 12743.217971647102
1342204728153 12766.423121647102
1342231857054 12914.5849046471
1342283818768 13028.556702647102
1342354772641 13094.6260406471
1342381889294 13222.946510647102
1342474993933 13222.951234647102
1342506590873 13222.989509647105
1342675515967 13223.050059647105
1342713849253 13223.071957647104
1342750934936 13398.190327647104
1342825900387 13417.732694647104
1342905741268 13529.237394647105
1342941004010 13605.757657647104
1342968699898 13772.347513647104
1343031511187 13924.370509647104
1343135986097 14097.137647647105
1343263602884 14214.774146647105
1343320094495 14223.713560647104
1343332293132 14224.036202647105
1343346614550 14344.962259647105
1343405760581 14405.644574647105
1343437122941 14481.990775647104
1343463282686 14664.949834647105
1343566036419 14762.682106647104
1343600619586 14901.021873647105
1343651748378 14977.053948647104
1343700452325 14995.358665647105
1343719088665 14998.557687647104
1343746600529 15162.215146647104
1343822874623 15222.275056647104
1343851875783 15384.054337647105
1343918699997 15389.863173647105
1343948697007 15408.177245647104
1343969237895 15543.485281647105
1344052482466 15605.075933647104
1344077600237 15726.657106647104
1344263301686 15797.239393647105
1344300564729 15823.706465647105
1344356109357 15831.258972647105
1344372878334 15936.886868647105
1344411509111 15982.330652647102
1344430653866 16078.473085647105
1344477823334 16181.559032647105
1344536989986 16314.723316647105
1344799906664 16468.843422647104
1345015932102 16469.770105647105
1345023919807 16473.755598647105
1345041582560 16622.723066647104
1345094231175 16622.852985647103
1345105815018 16650.526996647102
1345143610809 16706.324624647106
1345166082890 16729.3341956471
1345190800590 16930.4687656471
1345268528130 17154.1126346471
1345370165240 17168.717760647098
1345474184259 17344.329113647098
1345530639206 17449.8272886471
1345582937421 17629.3616496471
1345651205923 17629.522740647102
1345671413649 17638.825966647102
1345685067613 17709.867693647102
1345745793321 17809.887670647102
1345774063930 17944.6363676471
1345838236447 17997.0939076471
1345875441488 18174.4586726471
1345926267292 18191.4762796471
1345955979355 18323.7146416471
1345994887571 18332.3132506471
1346013558291 18390.531926647098
1346086208733 18397.395406647098
1346105080249 18573.9238396471
1346215252473 18573.923908647106
1346337501700 18573.9239146471
1346352547215 18701.3888056471
1346420546819 18874.1525736471
1346480018021 18965.9210206471
1346512963342 19053.3471696471
1346559984023 19220.9484416471
1346627849526 19221.790662647098
1346686434891 19354.923076647097
1346749449890 19379.990453647097
1346787090726 19499.521456647097
1346846396529 19620.842185647096
1346887488382 19766.302993647096
1346957859950 19800.042042647096
1346982654538 19902.428318647097
1347048695117 19921.643121647096
1347124935938 20100.77721064709
1347201956332 20247.950553647093
1347472521589 20247.950553647097
1347725449377 20414.0352176471
1347808178582 20556.141612647098
1348651014684 20557.654720647097
1348725881805 20562.906437647096
1348801769533 20580.734019647098
1348818670376 20610.898143647097
1348867395104 20623.063035647097
1348967329160 20726.398100647097
1349004716736 20875.898920647098
1349122326168 21027.039760647098
1349200333788 21045.8646326471
1349229069219 21158.6441026471
1349288978323 21164.0855066471
1349298058356 21247.140496647105
1349332513128 21255.405082647103
1349383505361 21322.929726647104
1349420378852 21510.253444647104
1349484903087 21688.181174647103
1349540002961 21846.002690647103
1349607721306 21995.376977647098
1349999521106 21995.487602647103
1350138121083 21995.966607647104
1350183913895 22044.157827647105
1350230440915 22121.338732647106
1350282198721 22243.388063647104
1350347361286 22348.802782647104
1350398469954 22365.036780647104
1350427848353 22518.716484647106
1350490218788 22683.546933647103
1350595548746 22788.523809647104
1350668230600 22921.392965647105
1350751801354 23094.448746647104
1350799854366 23204.552288647104
1350855585523 23292.694940647103
1350881343018 23368.721286647098
1350921202624 23422.177484647098
1350958155767 23488.3135506471
1351002401418 23509.836485647098
1351035728880 23605.740178647105
1351062909093 23605.740183647104
1351092160806 23605.740210647098
1351167954086 23614.1191396471
1351190123330 23648.0855096471
1351218729312 23648.5889636471
1351227017572 23687.492230647098
1351294615046 23774.929935647106
1351335924450 23818.777661647106
1351348699950 23978.6491226471
1351438903934 24194.340407647098
1351537893805 24277.271980647103
1351575614793 24309.708569647104
1351615855902 24393.962588647104
1351647012455 24443.511124647106
1351709279423 24640.969874647104
1351770756444 24724.425083647104
1351815613244 24789.752340647105
1351832790630 24868.814225647104
1351889821242 25011.786928647103
1351961067757 25117.020272647103
1351987490213 25127.562769647106
1352024361866 25160.862797647103
1352035997259 25343.935043647103
1352124911010 25541.929091647104
1352284228970 25729.115770647106
1352373048732 25798.666548647103
1352390991327 25923.789797647103
1352656926791 26051.749767647103
1352804749367 26204.925464647098
1352848451035 26365.415097647103
1352898071604 26502.072756647103
1352950773903 26678.698132647103
1353032014599 26746.671992647098
1353053053577 26774.9816646471
1353087409296 26952.1706776471
1353182256681 26961.9702096471
1353193853440 27030.3632626471
1353214321234 27203.0485146471
1353275089320 27348.1409666471
1353555692222 27348.1410086471
1353571648779 27348.1622836471
1353648617406 27348.1632046471
1353692429545 27348.2356276471
1353740089399 27489.7819236471
1353785366526 27532.6013196471
1353809851988 27694.1238616471
1353856463380 27854.424538647094
1354228244451 28006.041841647093
1354289277363 28126.30587164709
1354327409255 28247.42607364709
1354408290034 28417.28270764709
1354478045961 28582.96757964709
1354588915614 28658.94955364709
1354616424215 28660.31904164709
1354637639301 28729.81575464709
1354656714409 28800.88490064709
1354736618810 28855.213401647088
1355573971606 28856.08933364709
1355591504522 28858.26327064709
1355655485603 28869.20560464709
1358673954898 28869.205613690938
1358713918371 28869.205768757318
1358778953937 28869.20698558642
1358834816801 28869.208470567926
1358911802676 28869.210374341827
1358969870963 28869.211724687026
1359034350880 28869.212859068222
1359064210478 28869.21430258312
1359120621986 28869.215261228623
1359159149864 28869.216296317067
1359197459352 28869.217496304664
1359234860885 28869.218701869664
1359281099035 28869.220014579463
1359389946132 28869.220825108405
1359435176833 28869.221892153804
1359471447516 28869.223106058602
1359556347857 28869.22310703037
1359637940183 28869.224179435776
1359824940735 28869.22426394765
1359867189442 28869.224718394813
1359910923685 28869.22511756147
1359936943139 28869.22554540109
1359962416438 28869.225889531812
1359987055721 28869.22643971137
1360019672492 28869.227333580933
1360056002076 28869.227904471987
1360114994414 28869.228872546933
1360141979777 28869.229983009533
1360200812830 28869.23114912103
1360246315659 28869.232006561582
1360276872531 28869.232053833046
1360330593154 28869.232278265605
1360347195458 28869.233397612104
1360392760683 28869.2344021099
1360419945342 28869.235871912006
1360455101799 28869.236673572006
1360600364844 28869.249082572
1360624247732 28869.850564572003
1360651703338 28870.245203572
1360667185427 28870.744281572002
1360678770906 28872.812356572
1360735373715 28873.700686572003
1360772170201 28873.709381572004
1360786360579 28873.732345572003
1360813395503 28874.032121572003
1433314408545 28874.097954572
1433344496202 28874.159088572003
1433439030144 28874.263784572002
1433539043672 28874.675091572
1433652717708 28874.990512572003
1433697044664 28875.362218572
1433878532045 28875.362304572
1433895413045 28875.362551572
1433916464854 28875.363388572
1433958766712 28875.365082572003
1433977159047 28875.370990572002
1434118410144 28875.376684572002
1434203649765 28878.844210572002
1434255008546 28882.019209572
1436029800544 28882.070532572
1436064636971 28885.436824572003
1436127363954 28886.842716572
1436228573304 28889.538737572
1436295846993 28895.662103571998
1436354300434 28903.420547571997
1436540739420 28916.059632571996
1436598520156 28916.761408571998
1436638374734 28917.321625571996
1436660332717 28932.889617571996
1436759143984 28952.682210571988
1436826184191 28970.752687571992
1436910487862 28970.761289571998
1436977003463 28971.465051572
1436994124903 28978.488111571998
1437348911557 28980.498685571998
1437359799055 28983.599206572
1439428275538 28984.049804571998
1439473078551 28989.054599572
1439535945632 28991.503154571998
1439563545104 28994.347415571992
1439621344931 28995.817749571997
1439637491055 28998.095043571997
1439655641976 28999.693216571988
1439682001073 29006.776970571987
1439732423376 29006.881404571992
1439743936048 29025.402136571996
1439844266356 29025.498118571988
1439856385670 29030.806685571988
1439946764067 29041.379888571988
1440123637624 29052.928535571988
1440180105880 29078.967905571986
1440243764859 29079.92766757199
1440289848416 29081.892713571986
1440332445484 29089.27172857199
1440350688056 29090.27431857199
1440440683241 29090.337419571988
1440493806826 29090.337430571988
1440502718189 29090.35647557199
1441560984385 29091.382150571986
1441576962057 29101.03377657199
1441692699250 29128.039978571986
1441771723764 29149.457052571986
1441828020564 29160.514567571987
1441844845079 29163.062242571992
1441980283386 29227.059345571997
1442103531335 29235.271563571998
1442154819096 29256.595969571998
1442194152577 29290.049543571997
1442234578834 29346.321487571997
1442396679007 29347.494693571996
1442439670591 29419.623981571996
1442512448679 29501.130966571996
1442579798637 29509.742687571998
1442627707164 29562.165836571992
1442691370819 29594.852177571996
1442767987124 29596.740481571996
1442788383694 29643.511867571997
1442853833583 29731.879714572
1443047509141 29833.381215571997
1443146385198 29836.894931572
1443168574982 29938.607954572
1443248400000 29948.375398572003
1443292681938 29953.910381572
1443319039368 30034.498424572
1443388038638 30100.860560572
1443427677327 30114.640267572002
1443449438083 30143.005661572002
1443491943331 30172.005756572
1443525311841 30337.964997572002
1443641383966 30397.184715572002
1443765330425 30408.271512572002
1443785468371 30551.207014572003
1443891554172 30690.525587572003
1443964679886 30729.341403572
1444053866356 30745.006252572002
1444065389152 30795.808587572003
1444093764553 30797.379906572
1444130469168 30817.520731572004
1444148176751 31040.096861572
1444378789110 31069.560282572
1444399367418 31084.552374572002
1444427638990 31277.165681572
1444563572970 31440.655011572002
1444668928361 31440.6552283034
1444738154153 31440.6558078717
1444863782583 31440.666841871694
1444893503084 31440.7046368717
1444930668278 31440.819487871693
1445019406954 31440.922147871694
1445053114223 31441.201178871695
1445098636499 31441.289248871693
1445124104018 31441.414770871696
1445176158921 31441.416256871693
1445308996086 31454.156517871696
1445327070608 31484.393777871694
1445386197594 31587.856461871696
1445452412547 31600.658683871694
1445550218569 31719.478075871695
1445609481848 31781.821763871696
1445691609024 31813.386477871696
1445824792921 31828.908670871693
1445871923724 32115.522347871694
1445986800744 32270.346773871694
1446080236125 32314.1184638717
1446182244552 32325.2656568717
1446221022460 32537.8874958717
1446311084842 32809.2529248717
1446406621768 32875.016541871686
1446442010378 32914.06663787169
1446481217497 33089.61092387169
1447919621084 33089.65801405169
1448014948963 33090.05322642169
1448032029083 33091.46436242169
1448058729312 33098.846140421694
1448130142123 33111.9011054217
1448233665035 33118.1860594217
1448547343948 33118.186059421714
1448648322555 33118.186059421736
1448742351657 33118.186059421765
1448862442640 33118.18605942179
1448897729557 33118.1860594218
1448937595367 33118.18605942183
1449019509488 33118.18605942184
1449113480602 33118.186059421845
1449166561044 33118.18605942187
1449211451065 33118.18605942189
1449261067047 33118.18605942192
1449299519562 33118.186059421925
1449324089738 33118.18605942195
1449363129555 33118.18605942196
1449405581085 33118.18605942198
1449454798604 33118.186059422005
1449562157041 33118.186059422034
1449638552631 33118.18605942205
1449671892964 33118.18605942208
1449704698414 33118.186059422114
1449783233315 33118.186059422136
1449821297078 33118.186059422165
1449866537331 33118.18605942221
1449927432098 33118.18605942223
1449958363006 33118.186059422274
1457613630355 33118.18605943007
1461357480896 33118.24883743007
1461379913856 33118.297788430056
1461445172568 33118.882741430054
1461531211190 33119.690515430055
1461712448675 33120.327858430064
1461869844090 33124.39662143006
1462563022687 33124.43105843006
1462576774196 33125.62702643006
1462594365449 33128.00715843006
1462634322531 33134.751519430065
1462701877485 33157.04537143006
1462740202728 33158.88729443006
1462826561092 33167.67568343006
1462844169198 33176.796333430066
1462898179232 33203.93481843006
1462987241745 33260.68830143006
1463078057285 33312.83324443006
1463175689792 33345.347329430064
1463215329249 33375.191618430064
1463242519338 33473.851331430065
1463378801194 33505.52297843007
1463420616045 33578.648315430066
1463479982280 33578.669783430065
1463542390093 33617.71812443007
1463573307243 33617.76171543007
1463699746534 33884.82366643007
1464305168873 33894.75982043008
1464321448815 33894.81117943007
1464377809550 33902.13904443007
1464422745113 34008.784470430066
1464473229656 34016.43028843007
1464539530433 34161.59964643007
1464608184793 34370.534125430066
1464662167341 34531.86554343008
1464738960822 34592.31616543007
1464779908157 34841.119321430066
1464834722953 35195.384431430066
1464950434709 35204.20902643007
1464970084042 35517.232412430065
1465063296886 35878.056177430066
1465144382827 36117.404343430084
1465625880872 36163.416659430084
1465677191058 36598.515106430066
1465773931177 37090.98950943008
1465912274053 37507.594720430076
1465989449269 37716.395877430085
1466105797556 37923.810292430084
1466161945355 38333.624106430085
1466259761784 38545.66763443008
1466308334232 38658.44819643008
1466340110170 38810.78852943008
1466374343717 39346.10320243008
1466719132782 39436.57307143008
1466819345931 39988.17075343008
1466937185914 40704.200171430086
1467096897815 40962.36631143008
1467159023266 41329.668893430084
1467240280465 41350.200034430076
1467292740643 41454.310813430086
1467317916213 41581.285573430076
1467422089768 41702.702594430084
1467445870216 42271.107278430085
1467557026496 42643.00945243008
1467620556179 42824.562743430084
1467655553186 43337.22326143008
1467765221195 43878.971373430075
1467877599431 44402.38988043008
1467979796901 44855.152619430075
1468074933557 45202.55514943008
1468144469232 45681.243340430075
1468275331472 45961.67355943008
1468346880082 46479.09543443008
1468457520372 47003.29198743008
1468558998979 47485.48826043008
1468652724066 47986.58362343008
1468784344214 48154.61368043008
1468818672647 48654.23938943008
1468944402175 49249.055053430086
1469060522690 49705.52188643008
1469140733706 49888.177213430085
1469173624387 50026.33121643009
1469200339186 50401.35875943008
1469272202190 50433.820069430076
1469288202041 50879.34141343008
1469359665696 50987.330470430075
1469398103761 51139.176457430076
1469466481593 51199.96857543008
1470014163301 51200.01089343008
1470045936360 51213.013027430075
1470086930972 51545.699217430076
1470237536318 51852.823581430086
1470302924689 51886.91402843009
1470317965715 52205.91473443009
1470411276746 52234.57030843008
1470422179780 52255.10010843008
1470471350625 52650.29905243008
1470561553045 52787.26613543009
1470605819410 53121.63755543009
1470668712290 53405.97179843009
1470752065927 53673.746140430085
1471023794703 53673.749124430076
1471053421208 53673.74914843008
1471060957698 53839.964550430086
1471089526221 54241.63859943009
1471158618671 54713.04996543009
1471292908439 54918.72105643008
1471337019186 55015.194389430086
1471374229386 55051.84800343009
1471387014169 55165.31877143009
1471408819713 55552.73056743009
1471482464106 55585.010886430086
1471552299095 55686.84607843008
1471611800326 55713.15344243008
1471634781675 55727.776115430075
1471723346865 55886.028359430085
1472056735666 55886.05067343009
1472090156211 55914.56692043009
1472144839676 56139.951546430086
1472214013552 56547.46144843008
1472278920284 56743.962349430076
1472328842805 56832.71149343008
1472344639696 57226.84462943008
1472409747215 57606.302704430076
1472494078115 58106.759444430085
1472593402338 58322.03623443009
1472624976220 58402.19569343009
1472646061012 58758.56996443009
1472705326372 59080.10003243009
1472765867712 59152.024620430086
1472802953105 59610.679694430095
1472885605161 59700.4905264301
1472903630184 59934.0257164301
1472939250554 60496.324299430096
1473096674628 60809.886462430106
1473165513195 61244.5073954301
1473312532658 61741.423124430105
1473401361689 62107.639071430094
1474296234611 62107.639107458825
1474354972696 62107.63915640352
1474412634267 62107.63933383005
1474572766895 62107.63945176812
1474756365176 62107.77180376812
1474774687730 62113.87035176811
1474802970682 62121.69563676811
1474869136461 62201.091344768116
1474890646724 62667.67947076812
1474960636742 63141.711139768115
1475055475337 63532.63490076811
1475196798736 63932.88848976811
1475262084748 64298.695130768116
1475406801009 64689.348273768126
1475743084834 64689.34829795877
1475914200049 64689.50705695876
1475936673921 64698.257131958766
1475991405236 64735.875061958766
1476007965705 65211.60281795878
1476080332227 65665.10076895879
1476169535177 65709.62483495878
1476225240641 65914.06743095876
1476301174716 66082.76515095876
1476325087251 66335.61802595876
1476423947849 66342.19594395875
1476463887878 66923.09545495875
1476560511455 67277.55814495875
1476638592262 67707.76613895874
1476699899226 67707.80775095875
1476732714578 68207.17130995875
1476808897124 68330.86303295875
1476833439719 68331.48869595875
1476839927714 68548.04379195874
1476908767623 68741.91373595875
1477005509778 68988.48722095875
1477068192333 69389.02059095875
1477149764747 69663.04620795876
1477185320325 70074.27847595878
1477251458727 70460.92303795878
1477326830699 70776.69233395878
1477373951060 71133.97202695879
1477441210641 71242.73204095878
1477460985744 71606.32206195878
1477555763912 71606.32808995878
1478945423181 71606.32808995887
1479081841513 71606.32808995897
1479245294562 71606.32808995906
1479327311641 71606.32808995912
1479431619086 71606.32808995915
1479463926316 71606.3280899608
1479491962202 71606.32808997048
1479541181314 71606.32808998239
1479594394795 71606.32808999278
1479632597282 71606.32808999646
1479760711688 71606.32809000157
1479810565826 71606.32809000957
1479889676617 71606.32809002027
1479931029256 71606.3280900244
1480023044641 71606.32809002479
1480166641757 71606.32809002612
1480191252723 71606.32809003367
1480236327685 71606.32809004236
1480278261464 71606.32809004921
1480313981989 71606.32809005711
1480347128337 71606.32809006507
1480393120397 71606.3280900696
1480467158881 71606.32809007469
1480489342410 71606.32809007878
1480539480229 71606.3280900794
1480549669496 71606.32809009093
1480591840222 71606.32809009332
1480605966538 71606.32809010071
1480670115215 71606.32809011088
1480709822286 71606.32809011739
1480731873702 71606.32809012788
1480771019332 71606.32809013771
1480806062090 71606.32809014263
1480828881332 71606.32809014275
1495543527741 71606.51850214276
1495581703776 71606.64554414274
1495669886814 71607.45627014272
1495754438867 71607.98134714272
1495855496083 71615.51431314272
1495895932558 71622.06942914274
1495938193792 71625.71517914273
1495992774808 71673.32174814273
1496127727299 71726.81438614272
1496349264712 71839.00560614273
1496439692917 71951.19682614271
1496457951832 71984.25249914269
1496610199252 72072.81703414269
1496684565733 72075.7578301427
1496698913525 72126.5415631427
1497250626598 72126.6292911427
1497281682970 72169.77870214269
1497300953194 72184.43712514272
1497412333990 72320.63277914269
1497465638179 72392.21681214271
1497485490722 72506.66042814271
1497559959048 72719.70661514271
1497609487252 72790.94847314272
1497629309394 72934.55158014271
1497665462738 73093.73247014271
1497719767873 73355.27966314272
1497779661752 73451.33728214272
1497886925191 73824.24717414271
1497953439307 74342.66358614272
1498079562725 74766.22661814273
1498179885181 74812.90069614272
1498209918570 75027.03086214272
1498247095254 75370.37412714273
1498326741148 75463.09835914272
1498346529442 75472.19577914273
1498361183894 75989.44781014272
1498428609985 76374.87352114273
1498514617795 76767.95191414273
1498563908964 77199.38968414272
1498637572068 77287.69348014273
1498665045853 77693.74944414273
1498707381246 77951.69133614273
1498742356031 77965.27240814273
1498758702270 78153.53171914273
1499618674061 78153.53296914272
1499627796769 78153.54274714274
1499753798233 78155.98507714273
1499819968791 78179.02139614275
1500011355815 78231.08745814275
1500044943745 78235.60051914275
1500074649512 78559.72378514275
1500123719918 78616.54757814275
1500160533081 78738.09135414276
1500197820277 78957.74613214275
1500344782650 79138.92624214277
1500384069115 79455.76162314275
1500423562273 79539.79173414275
1500440757938 79635.69042314275
1500457287999 79651.45586014274
1500499032234 79695.60869914273
1500520184349 79711.55436914273
1500541133204 80222.08105614275
1500644485713 80697.71849314275
1500712470236 80836.65142514273
1500850642565 80945.89899014274
1501152684562 80945.95425914276
1501197538324 80945.95551614274
1501206098879 80946.07783814274
1501281411783 80948.42059714273
1501287304801 80961.92192614275
1501321984026 81016.69659414275
1501334658372 81028.27849014275
1501357713373 81551.74018714276
1501431589983 82067.70362314276
1501511424089 82201.52476114276
1501530457778 82719.60961114276
1501640767587 83146.97369614277
1501753032035 83256.31498114276
1501779403591 83694.79955514276
1501835067197 84185.06175814278
1501909498899 84252.74200614277
1501924145033 84782.15362114277
1501997529303 85280.50832314277
1502064923766 85641.54502514277
1502108157367 86198.55700214277
1502178213756 86247.63576714277
1502201573487 86352.45044614277
1502242040382 86845.29781214277
1502305873235 87271.99008014277
1502489380878 87277.58790214277
1502667205957 87300.59579314277
1502703461194 87404.44214314278
1502741722026 87527.77016414277
1502779081289 87599.19149214277
1502829926959 87747.18817014276
1502862649378 87913.27729514276
1502896802383 88090.69510214277
1502939551760 88161.73459714277
1502956038101 88225.01102414278
1502979436962 88328.20674614278
1502996268673 88624.01438014278
1503051921022 88698.86663614277
1503133462052 88913.26782714277
1503175811019 89021.00553614278
1503197413821 89316.56962114277
1503312167261 89570.60282414277
1503385902331 89639.18003614277
1503408145746 89773.73667714278
1503485216681 89922.78167214277
1503532571245 89944.8585001428
1503747310572 90036.19102214277
1503818482448 90114.78098414278
1503848449161 90419.98524714279
1503907257459 90453.36756514279
1503920574249 90762.78506014279
1503980966007 91060.19140914279
1504056004241 91071.1655431428
1504066161795 91386.0253371428
1504172095743 91508.94328414279
1504219814840 91527.1664151428
1504229167035 91693.7621871428
1504281365368 91815.59052114279
1504312880708 91927.5215011428
1504340575523 92074.7782861428
1504372604954 92329.14586214283
1504471493263 92496.11047314283
1504532673241 92597.59137514283
1504567214270 92697.5546321428
1504592833307 92855.5942751428
1504627533335 92990.91435214279
1504653843776 93234.60129814279
1504722444597 93553.19383814279
1504775753241 93872.83526414279
1504825814987 93946.4692031428
1504841740423 94285.5197991428
1504901264565 94301.54862414283
1504913448901 94316.26893214283
1504933064786 94582.6639061428
1504998685772 94665.5743731428
1505018430764 94980.4302551428
1505089062595 95318.31714714279
1505170574437 95644.8621671428
1505224121778 95755.2016741428
1505245761865 95919.3789501428
1505274206234 95934.3757761428
1506094394781 95934.3979901428
1506160461082 95937.77311514283
1506187327716 95954.4066131428
1506213827766 96089.10193614283
1506243348495 96430.61845214284
1506295396240 96838.65833514283
1506358184255 97265.46508214284
1506418782740 97678.91522814283
1506484874448 97957.64494914284
1506539261414 98361.43945614283
1506590960256 98826.07270514283
1506656474734 99399.90568314283
1506740615911 99772.25607414283
1506800803938 100210.13845214283
1506871811874 100365.72608214284
1506892072741 100533.57204014283
1506914526244 100669.67885414283
1506955879250 101063.42743714283
1507022031095 101454.54873114283
1507068784246 101528.20433014283
1507098214520 101972.73488714283
1507152078980 102411.20960714284
1507223543118 102880.69849214284
1507276215760 103123.26215614284
1507318084678 103398.75494414283
1507350752533 103562.74555214283
1507420923123 104017.51374514283
1507469581240 104323.7084401428
1507502282687 104668.7660411428
1507562922709 105176.31341014279
1507627595146 105647.19781314283
1507696479256 106242.5135671428
1507908164052 106752.4861181428
1507973550764 107357.13170514283
1508048981394 107697.82219414283
1508099645243 108230.85188814283
1508158036237 108735.8866901428
1508219002752 109258.1737631428
1508275533256 109683.6301291428
1508316407879 110081.9112301428
1508354386302 110613.32281514279
1508417491507 110662.6912021428
1508435204799 111194.3824891428
1508491708820 111673.70211314279
1508542704303 111743.8042441428
1508556366315 112300.9356311428
1508622583862 112777.02878414279
1508687884282 113302.4573011428
1508743653264 113440.85130714279
1508795702734 113955.03316814279
1508847501790 114556.1047121428
1508925736517 115117.74673714279
1509037768984 115119.7051411428
1509064646314 115388.45965614279
1509136363962 115439.72367014279
1509157754718 115921.28560414279
1509214441297 116181.47357414279
1509257144975 116798.06791114279
1509339074282 117016.0559731428
1509378014425 117261.0838601428
1509411829774 117426.5452261428
1509453882992 117479.61178014279
1509555437572 117530.9756431428
1509565273273 118030.05453514283
1509633597685 118602.7624681428
1509702639589 119326.4520571428
1509808980505 120051.7180311428
1509914333582 120818.54954914283
1510179745193 121239.0862831428
1510225354324 121943.67374314279
1510422655832 121943.7636641428
1510465154918 121948.0685221428
1510493082977 121950.7279591428
1510506220434 121972.46128014283
1510551253978 122027.15210914279
1510652912962 122062.1317381428
1510715132870 122077.82094214279
1510748225907 122095.50888214279
1510799701228 122116.0087431428
1510861120482 122130.5623241428
1511002993835 122171.83807514279
1511118487793 122194.3906251428
1511171733011 122222.48685814279
1511254103906 122222.5031531428
1511274498809 122234.0180981428
1511291965266 122271.9929961428
1511374817388 122304.47402714279
1511455234421 122358.6482521428
1511575261736 122391.4082951428
1511652589833 122403.6920001428
1521569524267 122403.6920027233
1523955623311 122403.9015748633
1524000640192 122404.0457155933
1524051070266 122405.5675900933
1524170720747 122418.61397309328
1524241928290 122424.36077909329
1524268333831 122433.35491909328
1524331017070 122433.73061099328
1524366758675 122493.98742699328
1524415702914 122556.11537699329
1524589074689 122617.71083699328
1524640518817 122729.98903699328
1524689923338 122736.71807499327
1524700668446 122815.05842499329
1524726947853 122891.47275499329
1524784183897 123072.41597499329
1524828214398 123253.74231499329
1524871683542 123348.51914499328
1524933821488 123503.85367499328
1524962881329 123771.24117499328
1525009580888 124038.77511499324
1525040502941 124300.30030499324
1525109653358 124650.18350499324
1525158842817 125053.62175499325
1525228184907 125091.29666499324
1525244637857 125216.25170499324
1525279290349 125736.22204499324
1525348668022 126207.31104499329
1525402710944 126547.60504499328
1525454516806 126913.94264499328
1525488430441 127135.47297499324
1525511281380 127161.76410499324
1525526138705 127282.20525499324
1525542236978 127410.87424499325
1525593486329 127945.37199499324
1525666637289 128270.18611499324
1525722943031 128631.99683499325
1525810322578 128939.95711499325
1525880048331 129479.48851499324
1525948724945 129624.60978499324
1525980938636 130141.47328499325
1526052481806 130409.61203499325
1526085303041 130982.61897499328
1526144361749 131592.26187499327
1526206168218 132178.98593499328
1526271152248 132744.3605349933
1526338843032 132782.5840429933
1526394883350 132875.1182829933
1526428284034 133075.2589529933
1526482767757 133081.6845056933
1526490316364 133422.34316569328
1526534013080 133814.93736569327
1526588001178 134224.24916569327
1526667414156 134224.84264349323
1526687239994 134730.7247034933
1526755139730 134927.72009349323
1526795856418 135012.41794349323
1526838226127 135464.1636634933
1526881139889 135857.83278349327
1526932661559 136362.45990349323
1526999488688 136825.12165349323
1527049676148 137402.41359349326
1527195022324 137801.05469349324
1527261977212 137850.32147349327
1527339408475 138350.51109349323
1527442821838 138528.3201734933
1527469129406 138810.15892349323
1527526039783 138821.56106749325
1527541152720 139331.87576749324
1527627525149 139331.87579757313
1527662512980 139754.75829757313
1527725451433 139934.69906757312
1527779093346 140002.55759757312
1527812752895 140558.8216575731
1527876688585 141086.0667575731
1527928535199 141315.20850757312
1528033441683 141368.8627735731
1528064382757 141886.7421535731
1528142759755 142401.41671357313
1528211704383 142860.99931357312
1528261304888 143134.3038435731
1528310613206 143244.1935235731
1528424621203 143361.9802235731
1528478266440 143901.9292235731
1528541462112 144452.3382235731
1528603721210 145002.8027235731
1528659963347 145568.38028357312
1528727582044 145695.3664235731
1528753162860 145941.0420235731
1529949339157 145941.0862861831
1529991291063 145944.46643338312
1530033730213 145961.7062903831
1530122314964 145989.90289738312
1530159702019 146005.43587738308
1530187883606 146123.88038738308
1530276750216 146124.04478281311
1530347145239 146124.5813389131
1530481676531 146124.6560145031
1530504830819 146124.6750841611
1530534528680 146124.71958746112
1530579574334 146124.93863932113
1530618250932 146125.45019099113
1530692950423 146125.52328151112
1530720349487 146125.66014658113
1530786365186 146127.36684738108
1530875201971 146128.2935771211
1530914752070 146129.33045892112
1531008211890 146362.5516189211
1531073988850 146589.8282589211
1531162006047 146687.94099892108
1531293007471 146731.14826492112
1531338379906 146785.83563992113
1531397296926 146786.16684048116
1531442853068 146861.39517048115
1531566081509 146903.72925248113
1531589346677 147328.22087248112
1531629712545 147574.95543248113
1531658104023 147677.67470248113
1531685019165 147696.05626148116
1531701775438 147799.55395648113
1531744681146 148310.59015648116
1531858862333 148386.43379648114
1531879127113 148746.81849648117
1531958625901 149223.74024648115
1532021728598 149348.52093648116
1532050197245 149423.04454648116
1532089267937 149981.10910648116
1532156165021 150458.85850648116
1532200977094 150789.22460648118
1532237894529 151218.95510648118
1532276563523 151671.6937064812
1532903246858 151671.72640872118
1532996530945 151671.87975943118
1533082117815 151771.9993144312
1533126120030 151939.4080144312
1533159931131 152016.8241004312
1533212028002 152142.8869504312
1533274040576 152592.27217043118
1533328827476 153069.43901043118
1533398001954 153375.22831043118
1533446776148 153841.1980904312
1533499210517 153998.1177904312
1533541718758 154528.11785043118
1533605277771 154911.3687504312
1533652474181 154955.5712404312
1533659852928 155037.3790704312
1533683892634 155512.9677904312
1533772685417 155976.8176704312
1533829049896 156369.8424704312
1533893404893 156879.98667043124
1533961364651 157192.69367043118
1534021187915 157646.65992043118
1534075919388 158014.7211204312
1534112602080 158229.6164604312
1534156846906 158727.0632104312
1534206912848 159045.8202704312
1534241672384 159058.3623434312
1534251482025 159465.1547434312
1534289257705 160204.4156834312
1534431836645 160725.1616234312
1534535917507 161286.2456834312
1534595872324 161754.4388834312
1534655645488 162282.12298343118
1534720400252 162776.33873343118
1535024723393 162892.52919343126
1535048688700 163415.22197343124
1535113222093 163861.44409343126
1535194248428 164373.03331343122
1535245703423 164453.16086843124
1535269995133 164965.50174843124
1535320583520 165483.26780843124
1535376635969 165649.26674843126
1535413405458 165947.45221843122
1535455926904 166461.25205843124
1535512925392 166742.10983843118
1535539683057 166852.1308984312
1535569330681 167009.8603184312
1535616876001 167541.8401184312
1535679586073 168054.83561843119
1535732795509 168071.3917474312
1535742477004 168556.2304074312
1535795191074 168573.52209343118
1535826483836 168584.4432414312
1535851030659 168833.20955143118
1535872180929 169191.06771143118
1535917145835 169493.45409143122
1535948718926 169828.78175143126
1535979992089 170321.51359143126
1536033797907 170845.70484143126
1536085568186 171296.70834143122
1536140001191 171800.45024143124
1536193034879 172128.21621143122
1536231952743 172562.95059143126
1536275909138 172852.09179143124
1536303184720 173043.50104143124
1536337357138 173232.20770143124
1536360582958 173730.87382143125
1536422023379 174224.49270143124
1536477667523 174228.85421243124
1536488954476 174661.45174243124
1536542325634 175068.81286243122
1537697120741 175072.75149303122
1537718133187 175093.07995303118
1537747053851 175123.97088503122
1537791701495 175530.91482503118
1537828683364 175990.7077250312
1537891666164 175990.9323588212
1537905810947 176528.7901088212
1538177146181 177035.3377088212
1538237863944 177450.7974288212
1538298783138 177767.52330882126
1538328477444 178111.15755882126
1538368679442 178431.68558882122
1538431667660 178698.6887488212
1538523662378 179164.0807488212
1538567226056 179498.8522488212
1538612641059 179904.3939688212
1538682309173 180375.54556882122
1538864189591 180869.16122882126
1538930432025 180952.51943882124
1538952950281 181393.74733882124
1539034415628 181931.82633882124
1539094215956 182131.51517882122
1539209474081 182377.55755882122
1539411223750 182377.55758591613
1539475054206 182377.56609872915
1539497145805 182377.57518428614
1539556631648 182377.72688165613
1539669076032 182408.21420165608
1539687174499 182940.63150165608
1539748755909 183398.8402016561
1539810310942 183947.8075016561
1539869769917 184377.1560316561
1539926067094 184430.9313286561
1539953103492 184997.2853286561
1540015292408 185551.0166286561
1540089106473 185968.0190986561
1540151081069 186421.8299986561
1540211599470 186555.0047286561
1540234135594 187118.4321686561
1540293760094 187577.3976686561
1540523051840 187579.1625308561
1541380129052 187579.16408945376
1541389043304 187579.1653743533
1548769733000 187579.1653743533
