197     199
201     207
203     205
1273    1274
1275    1278
1276    1277
1297    1299
1301    1310
1303    1309
1305    1309
1312    1317
1314    1317
1463    1468
1465    1468
1558    1563
1560    1563
1598    1603
1600    1603
1670    1676
1672    1676
1710    1712
1715    1723
1717    1720
1797    1806
1799    1803
1808    1810
1944    1946
1950    1954
1977    1980
1983    1990
1985    1988
2220    2228
2223    2233
2225    2230
2275    2282
2278    2280
2285    2287
2290    2298
2293    2296
2301    2303
2368    2376
2370    2373
2378    2381
2385    2393
2388    2390
2395    2397
2484    2492
2487    2489
2494    2497
2662    2670
2665    2667
2673    2675
2742    2750
2745    2747
2752    2755
2799    2806
2801    2804
2808    2811
2896    2904
2898    2901
2906    2910
2993    3001
2996    2998
3003    3006
3029    3036
3031    3033
3038    3041
3063    3071
3066    3068
3073    3076
3162    3169
3164    3167
3172    3175
3283    3291
3285    3288
3293    3296
3358    3366
3360    3363
3368    3371
3459    3467
3462    3464
3469    3472
3524    3531
3526    3529
3534    3536
3610    3613
3611    3612
3614    3615
3729    3737
3732    3734
3739    3742
3766    3774
3768    3771
3776    3779
4056    4063
4058    4061
4067    4070
4066    4070
4157    4159
4164    4167
4154    4162
4295    4298
4303    4306
4293    4301
4311    4313
4318    4321
4308    4316
4383    4390
4386    4388
4393    4396
4421    4423
4428    4430
4418    4425
4475    4478
4483    4486
4473    4481
4509    4517
4512    4514
4519    4522
4585    4592
4587    4590
4595    4598
4662    4670
4665    4667
4672    4675
4713    4720
4715    4718
4723    4725
4820    4829
4822    4825
4832    4834
4875    4882
4877    4880
4885    4888
4972    4980
4975    4977
4982    4985
5008    5015
5010    5013
5018    5021
5083    5091
5086    5089
5135    5143
5139    5140
5145    5148
5193    5201
5201    5204
5196    5198
5267    5269
5271    5279
5274    5276
5343    5351
5346    5348
5353    5355
5479    5481
5483    5491
5486    5488
5613    5617
5622    5625
5620    5627
5688    5697
5692    5694
5700    5701
5773    5777
5782    5784
5779    5787
5809    5817
5812    5814
5820    5822
5907    5910
5914    5917
5904    5912
5939    5948
5943    5945
5951    5953
5984    5993
5988    5990
5995    5997
6083    6092
6087    6089
6094    6097
6159    6167
6162    6164
6169    6172
6193    6201
6196    6199
6204    6205
6248    6257
6252    6254
6259    6262
6304    6313
6308    6312
6315    6317
6339    6346
6341    6344
6348    6351
6555    6557
6554    6559
6560    6562
6606    6609
6604    6611
6614    6617
6623    6625
6619    6628
9055    9058
9050    9063
9052    9060
9159    9162
9156    9164
9154    9167
9277    9281
9272    9287
9275    9284
9395    9399
9393    9401
9389    9402
9386    9402
9452    9454
9450    9457
9446    9461
9446    9466
9464    9461
9464    9466
9581    9584
9577    9587
9574    9590
9665    9668
9662    9670
9685    9689
9682    9691
9679    9694
9758    9768
9760    9768
9822    9825
9819    9827
9817    9830
9835    9837
9832    9840
9842    9846
9890    9903
9896    9898
9893    9901
9912    9914
9909    9918
9906    9921
9978    9980
9975    9984
9972    9986
10085   10099
10091   10093
10088   10097
10406   10409
10403   10412
10398   10401
10398   10414
10401   10414
10423   10426
10420   10429
10416   10431
10578   10580
10577   10582
10573   10583
10595   10612
10599   10612
10613   10618
10615   10616
10621   10628
10623   10625
10632   10636
10632   10633
10635   10636
11052   11054
11051   11056
11058   11063
11058   11059
11061   11063
