197
199
201
203
205
207
1272
1273
1274
1275
1276
1277
1278
1297
1299
1301
1303
1305
1307
1309
1310
1312
1314
1317
1463
1465
1468
1558
1560
1563
1598
1600
1603
1670
1672
1676
1710
1712
1715
1717
1720
1723
1797
1799
1803
1806
1808
1810
1944
1946
1949
1950
1954
1977
1980
1983
1985
1988
1990
2220
2223
2225
2228
2230
2233
2275
2278
2280
2282
2285
2287
2290
2293
2296
2298
2301
2303
2368
2370
2373
2376
2378
2381
2385
2388
2390
2393
2395
2397
2484
2487
2489
2492
2494
2497
2662
2665
2667
2670
2673
2675
2742
2745
2747
2750
2752
2755
2799
2801
2804
2806
2808
2811
2896
2898
2901
2904
2906
2910
2993
2996
2998
3001
3003
3006
3029
3031
3033
3036
3038
3041
3063
3066
3068
3071
3073
3076
3162
3164
3167
3169
3172
3175
3283
3285
3288
3291
3293
3296
3358
3360
3363
3366
3368
3371
3459
3462
3464
3467
3469
3472
3524
3526
3529
3531
3534
3536
3610
3611
3612
3613
3614
3615
3729
3732
3734
3737
3739
3742
3766
3768
3771
3774
3776
3779
4056
4058
4061
4063
4066
4067
4070
4154
4157
4159
4162
4164
4167
4293
4295
4298
4301
4303
4306
4308
4311
4313
4316
4318
4321
4383
4386
4388
4390
4393
4396
4418
4421
4423
4425
4428
4430
4473
4475
4478
4481
4483
4486
4509
4512
4514
4517
4519
4522
4585
4587
4590
4592
4595
4598
4662
4665
4667
4670
4672
4675
4713
4715
4718
4720
4723
4725
4820
4822
4825
4829
4832
4834
4875
4877
4880
4882
4885
4888
4972
4975
4977
4980
4982
4985
5008
5010
5013
5015
5018
5021
5083
5086
5089
5091
5135
5139
5140
5143
5145
5148
5193
5196
5198
5201
5204
5267
5269
5271
5274
5276
5279
5343
5346
5348
5351
5353
5355
5479
5481
5483
5486
5488
5491
5613
5617
5620
5622
5625
5627
5688
5692
5694
5697
5700
5701
5773
5777
5779
5782
5784
5787
5809
5812
5814
5817
5820
5822
5904
5907
5910
5912
5914
5917
5939
5943
5945
5948
5951
5953
5984
5988
5990
5993
5995
5997
6083
6087
6089
6092
6094
6097
6159
6162
6164
6167
6169
6172
6193
6196
6199
6201
6204
6205
6248
6252
6254
6257
6259
6262
6304
6308
6312
6313
6315
6317
6339
6341
6344
6346
6348
6351
6554
6555
6557
6559
6560
6562
6604
6606
6609
6611
6614
6617
6619
6623
6625
6628
6630
9050
9052
9055
9058
9060
9063
9154
9156
9159
9162
9164
9167
9272
9275
9277
9281
9284
9287
9290
9386
9389
9393
9395
9399
9401
9402
9446
9450
9452
9454
9457
9461
9464
9466
9574
9577
9581
9584
9587
9590
9660
9662
9665
9668
9670
9673
9679
9682
9685
9689
9691
9694
9758
9760
9768
9817
9819
9822
9825
9827
9830
9832
9835
9837
9840
9842
9846
9890
9893
9896
9898
9901
9903
9906
9909
9912
9914
9918
9921
9972
9975
9978
9980
9984
9986
10085
10088
10091
10093
10097
10099
10398
10401
10403
10406
10409
10412
10414
10416
10420
10423
10426
10429
10431
10573
10577
10578
10580
10582
10583
10585
10588
10592
10595
10599
10602
10604
10608
10612
10613
10615
10616
10618
10621
10623
10625
10628
10632
10633
10635
10636
11051
11052
11054
11056
11058
11059
11061
11063
