3618	3619
3617	3620
3616	3621
3621	3731
3620	3736
3619	3741
3741	3770
3736	3773
3741	3770
3778	4059
3773	4064
3770	4069
4069	4156
4064	4161
4069	4156
4166	4297
4161	4300
4156	4305
4305	4310
4300	4315
4297	4320
4320	4385
4315	4392
4310	4395
4432	4477
4427	4480
4432	4477
4485	4511
4480	4516
4485	4511
4521	4589
4516	4594
4521	4589
4597	4664
4594	4669
4589	4674
4674	4717
4669	4722
4664	4726
4726	4824
4722	4827
4717	4831
4831	4879
4827	4883
4824	4887
4887	4974
4883	4979
4879	4984
4984	5012
4979	5016
4974	5020
