209	210
212	213
211	214
1279	1280
1282	1283
1281	1284
1291	1292
1294	1295
1293	1296
1311	1462
1319	1470
1462	1565
1470	1557
1557	1605
1562	1602
1565	1597
1602	1675
1605	1669
1669	1678
1669	1678
1675	1714
1669	1721
1709	1805
1714	1801
1721	1796
1801	1948
1796	1952
1805	1943
1952	1976
1948	1981
1976	1986
1976	2227
1981	2235
1986	2222
2222	2227
2235	2236
2232	2238
2274	2299
2279	2294
2284	2289
2299	2371
2294	2374
2289	2379
2284	2382
2379	2382
2379	2386	
2382	2398
2382	2383
2383	2386
2371	2400
2374	2391
2386	2398
2399	2400
2391	2500
2486	2491
2499	2500
2496	2501
2664	2754
2669	2749
2672	2744
2744	2810
2749	2805
2754	2798
2798	2908
2805	2903
2810	2900
2900	3005
2903	3000
2908	2995
2995	3040
3000	3035
3005	3032
3032	3075
3035	3070
3040	3065
3065	3174
3070	3170
3075	3166
3166	3295
3170	3290
3174	3287
3290	3365
3295	3362
3287	3370
3362	3471
3365	3466
3370	3461
3461	3532
3466	3528
3471	3537
3616	3621
3617	3620
3618	3619
3621	3731
3620	3736
3619	3741
3741	3770
3736	3773
3731	3778
3778	4059
3773	4064
3770	4069
4059	4166
4064	4161
4069	4156
4156	4305
4161	4300
4166	4297
4297	4320
4300	4315
4305	4310
4310	4395
4315	4392
4320	4385
4385	4432
4392	4427
4395	4420
4420	4485
4427	4480
4432	4477
4477	4521
4480	4516
4485	4511
4511	4597
4516	4594
4521	4589
4589	4674
4594	4669		
4597	4664
4664	4726
4669	4722
4674	4717
4717	4831
4722	4827
4726	4824
4824	4887
4827	4883
4831	4879
4879	4984
4883	4979
4887	4974
4984	5012
4979	5016
4974	5020
5093	5137
5090	5142
5085	5147
5137	5203
5142	5200
5147	5195
5195	5281
5200	5278
5203	5272
5281	5344
5278	5349
5272	5354
5354	5485
5349	5490
5492	5344
5492	5615
5490	5619
5485	5623
5615	5699
5619	5695
5623	5690
5690	5785
5699	5775
5695	5780
5775	5819
5780	5816
5785	5811
5819	5906
5811	5916
5816	5911
5906	5950
5911	5946
5916	5942
5942	5996
5946	5991
5950	5986
5986	6095
5991	6090
5996	6086
6086	6170
6090	6165
6095	6160
6160	6207
6165	6202
6170	6195
6195	6260
6202	6255
6207	6250	
6309	6349
6305	6352
6352	6556
6342	6561
6349	6558
6561	6607
6558	6613
6556	6616
6556	6618
6616	6621
6618	6621
6613	6626
9061	9071
9068	9069
9065	9070
9054	9057
9153	9157
9168	9169
9166	9170
9161	9171
9274	9291
9282	9285
9279	9288
9387	9400
9403	9404
9448	9455
9463	9467
9459	9468
9459	9469
9591	9596
9585	9598
9588	9598
9573	9575
9572	9579
9663	9667
9675	9676
9672	9677
9680	9684
9692	9693
9688	9695
9762	9816
9766	9815
9769	9812
9812	9829
9815	9824
9816	9821
9829	9834
9824	9839
9821	9844
9899	9908
9908	9916
9908	9924
9973	10086
9977	10090
9982	10095
10399	10417
10402	10422
10407	10428
10575	10586
10579	10589
10581	10593
10593	10600
10586	10619
10589	10617
10600	10607
10614	10617
10610	10619
10619	10622
