2274	2299
2279	2294
2284	2289
2299	2371
2294	2374
2289	2379
2284	2382
2379	2382
2379	2386	
2382	2398
2382	2383
2383	2386
2371	2400
2374	2391
2386	2398
2399	2400
2391	2500
2486	2491
2499	2500
2496	2501
2664	2754
2669	2749
2672	2744
2744	2810
2749	2805
2754	2798
2798	2908
2805	2903
2810	2900
2900	3005
2903	3000
2908	2995
2995	3040
3000	3035
3005	3032
3032	3075
3035	3070
3040	3065
3065	3174
3070	3170
3075	3166
3166	3295
3170	3290
3174	3287
3290	3365
3295	3362
3287	3370
3362	3471
3365	3466
3370	3461
3461	3532
3466	3528
3471	3537
