17 06 09 1300  1299   0 0 0
         1302  1301
         1304  1303
         1298  1297
         1308  1310
         1306  1307
25 06 09 1318  1317   1 1 0
         1313  1312
         1315  1314
            0     0
            0     0
            0     0
22 10 09 1798  1806   1 1 0
         1800  1808
         1809  1803
         1804  1797
         1802  1810
         1807  1799
12 11 09 1989  1983   1 1 0
         1978  1985
         1987  1980
         1982  1990
         1979  1988
         1984  1977
11 02 10 2396  2385   1 1 0
         2384  2388
         2394  2397
         2389  2393
         2387  2390
         2392  2395
11 03 10 2498  2484   1 1 0
         2485  2487
         2495  2497
         2490  2492
         2488  2489
         2493  2494
20 05 10 2756  2742   1 1 0
         2743  2745        
         2753  2755        
         2748  2750        
         2746  2747        
         2751  2752        
27 06 10 2909  2896   1 1 0
         2897  2898
         2907  2910
         2902  2904
         2899  2901
         2905  2906
25 07 10 3042  3029   1 0 0
         3028  3031
         3039  3041
         3034  3036
         3030  3033
         3037  3038
03 08 10 3077  3063   1 1 0
         3064  3066
         3074  3076
         3069  3071
         3067  3068
         3072  3073
02 09 10 3176  3162   1 1 0
         3163  3164
         3173  3175
         3168  3169
         3165  3167
         3171  3172
09 10 10 3297  3283   1 1 0
         3284  3285
         3294  3296
         3289  3291
         3286  3288
         3292  3293
03 11 10 3372  3358   1 1 0
         3359  3360
         3369  3371
         3364  3366
         3361  3363
         3367  3368
02 12 10 3473  3459   1 1 0
         3460  3462
         3470  3472
         3465  3467
         3463  3464
         3468  3469
18 02 11 3767  3766   1 1 0
         3769  3768
         3780  3779
         3775  3774
         3772  3771
         3777  3776
14 04 11 4072  4056   1 1 0
         4060  4058
         4071  4070
         4073  4063
         4062  4061
         4068  4067
12 05 11 4155  4154   1 1 0
         4158  4157
         4168  4164
         4163  4162
         4160  4159
         4165  4167
18 06 11 4294  4293   1 1 0
         4296  4295
         4307  4306
         4302  4301
         4299  4298
         4304  4303
23 06 11 4309  4308   1 1 0
         4312  4311
         4322  4321
         4317  4316
         4314  4313
         4319  4318
09 07 11 4384  4383   1 1 0
         4387  4386
         4397  4396
         4391  4390
         4389  4388
         4394  4393
19 07 11 4419  4418   1 1 0
         4422  4421
         4431  4430
         4426  4425
         4424  4423
         4429  4428
01 08 11 4474  4473   1 1 0
         4476  4475
         4487  4486
         4482  4481
         4479  4478
         4484  4483
11 08 11 4510  4509   1 1 0
         4513  4512
         4523  4522
         4518  4517
         4515  4514
         4520  4519
17 09 11 4663  4662   1 1 0
         4666  4665
         4676  4675
         4671  4670
         4668  4667
         4673  4672
04 10 11 4714  4713   1 1 0
         4716  4715
         4727  4725
         4721  4720
         4719  4718
         4724  4723
31 10 11 4821  4820   1 1 0
         4823  4822
         4833  4834
         4828  4829
         4826  4825
         4830  4832
11 11 11 4876  4875   1 1 0
         4878  4877
         4889  4888
         4884  4882
         4881  4880
         4886  4885
25 11 11 4973  4972   1 1 0
         4976  4975
         4986  4985
         4981  4980
         4978  4977
         4983  4982
07 12 11 5009  5008   1 1 0
         5011  5010
         5022  5021
         5017  5015
         5014  5013
         5019  5018
12 01 12 5084  5083   0 0 0
         5087  5086
         5094     0
         5092  5091
         5088  5089
            0     0
21 01 12 5136  5135   0 0 0
         5138  5139
         5149  5148
         5144  5143
         5141  5140
         5146  5145
03 02 12 5194  5193   0 0 0
         5197  5196
         5206     0
         5202  5201
         5199  5198
         5205     0
01 03 12 5268  5269   0 0 0
         5270  5271
         5280  5274
         5275  5267
         5273  5279
         5277  5276
18 03 12 5342  5355   1 1 0
         5345  5343
         5356  5346
         5350  5353
         5347  5351
         5352  5348
28 04 12 5478  5481   1 1 0
         5480  5483
         5489  5486
         5484  5479
         5482  5491
         5487  5488
18  6 12 5614  5617   1 1 0
         5616  5620
         5626  5622
         5621  5613
         5618  5627
         5624  5625
 9  7 12 5689  5701   1 1 0
         5691  5688
         5702  5692
         5696  5700
         5693  5697
         5698  5694
 5  8 12 5774  5777   1 1 0
         5776  5779
         5786  5782
         5781  5773
         5778  5787
         5783  5784
14  8 12 5808  5822   1 1 0
         5810  5809
         5821  5812
         5815  5820
         5813  5817
         5818  5814
11  9 12 5905  5917   1 1 0
         5908  5904
         5918  5907
         5913  5914
         5909  5912
         5915  5910
21  9 12 5940  5953   1 1 0
         5941  5939
         5952  5943
         5947  5951
         5944  5948
         5949  5945
10 10 12 5985  5997   1 1 0
         5987  5984
         5998  5988
         5992  5995
         5989  5993
         5994  5990
 6 11 12 6084  6097   1 1 0
         6085  6083
         6096  6087
         6091  6094
         6088  6092
         6093  6089
28 11 12 6158  6172   0 0 0
         6161  6159        
         6171  6162        
         6166  6169        
         6163  6167        
         6168  6164        
 7 12 12 6194  6205   1 1 0
         6197  6193
         6206  6196
         6200  6204
         6198  6201
         6203  6199
11 01 13 6338  6351   1 1 0
         6340  6339
         6350  6341
         6345  6348
         6343  6346
         6347  6344
 6 02 13    0  6562   1 1 0
            0  6554
            0  6555
            0  6560
            0  6559
            0  6557
10 02 13 6603  6617   1 1 0
         6605  6604
         6615  6606
         6610  6614
         6608  6611
         6612  6609
26 07 14 9066  9055 -1 -1 0
         9053  9050
         9056  9052
         9064  9058
         9062  9063
         9059  9060
16 08 14 9158  9159 -1 -1 0
         9152  9154
         9155  9156
         9160  9162
         9165  9167
         9163  9164
 1 11 14 9278  9277 -1 -1 0
         9273  9272
         9276  9275
         9289  9290
         9286  9287
         9283  9284
 7  2 15 9385     0 -1 -1 0
         9388     0
         9391     0
            0  9395
            0  9393
            0  9389
 8  2 15    0  9399 -1 -1 0
            0  9401
            0  9402
         9398     0
         9396     0
         9394     0
 25 2 15 9447  9464 -1 -1 0
         9453  9450
         9456  9452
         9465  9466
         9462  9457
         9460  9454
 24 3 15 9578  9574  1  1 0
         9580  9577
         9586  9581
         9597  9590
         9595  9587
         9592  9584
11  6 15 9661  9660  1  1 0
         9664  9662
         9666  9665
         9674  9673
         9671  9670
         9669  9668
17  7 15 9678  9679  1  1 0
         9681  9682
         9683  9685
         9690  9694
         9687  9691
         9686  9689
27  8 15 9759  9758  1  1 0
         9761  9760
         9763  9768
         9767     0
         9765     0
         9764     0
 3 11 15 9808  9817  1  1 0
         9809  9819
         9810  9822
         9814  9830
         9813  9827
         9811  9825
11 11 15 9818  9817  0  0 0
         9820  9819
         9823  9822
         9831  9830
         9828  9827
         9826  9825
 9 12 15 9833  9832  1  1 0
         9836  9835
         9838  9846
         9845  9840
         9843  9837
         9841  9842
19  3 16 9892  9890 -1 -1 0
         9895  9893
         9904  9896
         9897  9903
         9902  9901
         9900  9898
 2  4 16 9905  9906  1  1 0
         9907  9909
         9922  9912
         9913  9921
         9910  9918
         9915  9914
15  4 16 9971  9972  1  1 0
         9974  9975
         9987  9978
         9979  9986
         9976  9984
         9981  9980
24  5 16 10084 10085  1  1 0
         10087 10088
         10100 10091
         10092 10099
         10089 10097
         10094 10093
19 12 16 10389     0  0  0 0
         10390     0
         10396     0
         10392     0
         10391     0
         10393     0
25  2 17 10397 10401 -1 -1 0
         10400 10403
         10413 10406
         10405 10414
         10404 10412
         10408 10409
 6  3 17 10415 10416 -1 -1 0
         10418 10420
         10430 10423
         10421 10431
         10419 10429
         10424 10426
10  2 18 10606 10613 -1 -1 0
         10609 10615
         10611 10612
         10605 10608
         10601 10618
         10596 10595
17  2 18 10620 10621 -1 -1 0
         10624 10623
         10627 10636
         10634 10628
         10631 10625
         10629 10632
25  7 18 11050 11051  1  1 0
         11053 11051
         11055 11052
         11062 11063
         11060 11056
         11057 11054
27 10 18 11074 11075  1 1 0
         11077 11076
         11081 11090
         11088 11080
         11086 11078
         11083 11082
 3 12 18 11215 11216 -1 -1 0
         11219 11217
         11221 11231
         11230 11223
         11227 11220
         11224 11225
19  1 19 11244 11237 -1 -1 0
         11246 11238
         11241 11235
         11244 11242
         11246 11240
         11241 11245
