3616	3621
3617	3620
3618	3619
3621	3731
3620	3736
3619	3741
3741	3770
3736	3773
3731	3778
3778	4059
3773	4064
3770	4069
4059	4166
4064	4161
4069	4156
4156	4305
4161	4300
4166	4297
4297	4320
4300	4315
4305	4310
4310	4395
4315	4392
4320	4385
4385	4432
4392	4427
4395	4420
4420	4485
4427	4480
4432	4477
4477	4521
4480	4516
4485	4511
4511	4597
4516	4594
4521	4589
4589	4674
4594	4669		
4597	4664
4664	4726
4669	4722
4674	4717
4717	4831
4722	4827
4726	4824
4824	4887
4827	4883
4831	4879
4879	4984
4883	4979
4887	4974
4984	5012
4979	5016
4974	5020
