3610	3613
3611	3612
3614	3615
3729	3737
3732	3734
3739	3742
3766	3774
3768	3771
3776	3779
4056	4063
4058	4061
4067	4070
4066	4070
4157	4159
4164	4167
4154	4162
4295	4298
4303	4306
4293	4301
4311	4313
4318	4321
4308	4316
4383	4390
4386	4388
4393	4396
4421	4423
4428	4430
4418	4425
4475	4478
4483	4486
4473	4481
4509	4517
4512	4514
4519	4522
4585	4592
4587	4590
4595	4598
4662	4670
4665	4667
4672	4675
4713	4720
4715	4718
4723	4725
4820	4829
4822	4825
4832	4834
4875	4882
4877	4880
4885	4888
4972	4980
4975	4977
4982	4985
5008	5015
5010	5013
5018	5021
