2276	2277
2283	2286
2281	2288
2291	2292
2297	2300
2295	2302
2367	2369
2375	2377
2372	2380
2384	2387
2392	2394
2389	2396
2485	2488
2493	2495
2490	2498
2663	2666
2671	2674
2668	2676
2743	2746
2751	2753
2748	2756
2800	2802
2807	2809
2803	2812
2897	2899
2905	2907
2902	2909
2994	2997
3002	3004
2999	3007
3028	3030
3037	3039
3034	3042
3064	3067
3072	3074
3069	3077
3163	3165
3171	3173
3168	3176
3284	3286
3292	3294
3289	3297
3359	3361
3367	3369
3364	3372
3460	3463
3468	3470
3465	3473
3525	3527
3533	3535
3530	3538
