3604	3605
3607	3608
3606	3609
3733	3735
3730	3738
3740	3743
3769	3772
3767	3775
3777	3780
4060	4062
4068	4071
4057	4065
4072	4073
4158	4160
4155	4163
4165	4168
4296	4299
4294	4302
4304	4307
4312	4314
4309	4317
4319	4322
4387	4389
4384	4391
4394	4397
4422	4424
4419	4426
4429	4431
4476	4479
4474	4482
4484	4487
4513	4515
4510	4518
4520	4523
4588	4591
4586	4593
4596	4599
4666	4668
4663	4671
4673	4676
4716	4719
4714	4721
4724	4727
4821	4828
4823	4826
4830	4833
4878	4881
4876	4884
4886	4889
4976	4978
4973	4981
4983	4986
5011	5014
5009	5017
5019	5022
