5087	5088
5084	5092
5138	5141
5136	5144
5146	5149
5197	5199
5194	5202
5205	5206
5270	5273
5268	5275
5277	5280
5345	5347
5342	5350
5352	5356
5480	5482
5478	5484
5487	5489
5616	5618
5614	5621
5624	5626
5691	5693
5698	5702
5689	5696
5776	5778
5774	5781
5783	5786
5810	5813
5808	5815
5818	5821
5908	5909
5905	5913
5915	5918
5941	5944
5940	5947
5949	5952
5987	5989
5985	5992
5994	5998
6085	6088
6084	6091
6093	6096
6161	6163
6158	6166
6168	6171
6197	6198
6203	6206
6194	6200
6251	6253
6249	6256
6258	6261
