5083	5091
5086	5089
5135	5143
5139	5140
5145	5148
5193	5201
5201	5204
5196	5198
5267	5269
5271	5279
5274	5276
5343	5351
5346	5348
5353	5355
5479	5481
5483	5491
5486	5488
5613	5617
5622	5625
5620	5627
5688	5697
5692	5694
5700	5701
5773	5777
5782	5784
5779	5787
5809	5817
5812	5814
5820	5822
5907	5910
5914	5917
5904	5912
5939	5948
5943	5945
5951	5953
5984	5993
5988	5990
5995	5997
6083	6092
6087	6089
6094	6097
6159	6167
6162	6164
6169	6172
6193	6201
6196	6199
6204	6205
6248	6257
6252	6254
6259	6262
