2275	2282
2278	2280
2285	2287
2290	2298
2293	2296
2301	2303
2368	2376
2370	2373
2378	2381
2385	2393
2388	2390
2395	2397
2484	2492
2487	2489
2494	2497
2662	2670
2665	2667
2673	2675
2742	2750
2745	2747
2752	2755
2799	2806
2801	2804
2808	2811
2896	2904
2898	2901
2906	2910
2993	3001
2996	2998
3003	3006
3029	3036
3031	3033
3038	3041
3063	3071
3066	3068
3073	3076
3162	3169
3164	3167
3172	3175
3283	3291
3285	3288
3293	3296
3358	3366
3360	3363
3368	3371
3459	3467
3462	3464
3469	3472
3524	3531
3526	3529
3534	3536
